216,154,18,37
217,154,16,37
216,154,19,37
215,153,18,36
215,153,17,38
215,153,17,37
214,152,18,36
215,151,17,37
214,152,18,34
215,152,16,35
215,151,16,36
215,151,16,35
215,150,17,36
216,150,14,37
215,149,15,37
214,150,17,37
215,149,17,37
215,149,17,37
214,150,17,35
214,148,17,36
214,147,18,38
214,147,18,37
212,147,19,36
214,147,17,35
214,146,16,36
214,146,15,36
213,145,16,37
213,145,15,37
213,145,15,36
214,145,15,37
213,145,16,36
212,146,16,34
211,145,17,36
210,145,17,36
210,145,18,34
211,144,16,35
209,143,19,34
209,142,18,35
209,141,15,35
209,143,17,33
210,141,14,36
210,142,14,35
209,142,16,35
210,142,16,36
210,142,15,35
209,141,16,35
208,141,16,36
208,140,15,35
209,141,14,34
209,139,15,36
208,140,16,34
207,139,17,36
208,140,15,34
209,139,13,34
209,140,14,34
208,138,14,36
209,139,14,34
207,138,16,35
207,139,15,33
208,139,13,33
206,139,16,34
206,138,14,34
206,139,16,34
206,137,14,36
206,138,15,32
206,137,13,32
205,137,14,32
203,135,16,36
202,136,17,34
202,135,17,34
203,135,15,34
202,135,16,34
203,134,15,34
203,134,15,35
203,135,14,34
203,134,15,35
204,134,14,35
203,134,14,34
203,132,15,37
202,133,15,35
203,132,14,33
201,132,15,33
201,132,15,34
202,132,14,33
202,133,13,31
202,131,14,35
201,132,14,33
202,131,13,34
202,132,13,33
201,131,13,34
202,132,14,32
201,131,13,32
199,132,14,32
199,131,15,31
198,130,15,32
197,130,16,32
197,129,18,33
196,129,17,33
196,130,17,31
197,129,15,32
196,129,17,33
196,129,14,32
197,129,15,32
197,130,15,31
197,128,14,34
196,129,16,32
196,130,15,30
197,128,14,31
196,126,17,34
196,127,14,31
196,127,15,30
196,127,14,31
194,125,15,33
195,125,13,32
195,126,14,33
195,125,14,33
194,126,14,31
194,125,14,34
193,126,14,31
192,125,16,30
193,125,12,32
192,125,13,30
193,124,12,32
193,123,12,33
191,123,15,31
191,122,13,32
191,124,13,31
190,123,13,32
190,123,13,31
190,122,13,32
191,123,12,31
189,123,12,31
189,123,12,31
190,124,13,30
188,122,13,30
187,122,13,30
188,121,13,31
188,123,14,29
188,121,13,32
187,120,13,32
186,121,15,30
186,121,13,30
186,120,13,31
186,121,13,28
185,119,14,33
185,120,12,30
185,121,13,29
185,119,12,31
184,120,13,30
183,119,14,31
183,119,15,31
184,120,12,29
182,118,13,31
181,118,14,31
183,119,12,29
181,118,13,30
181,118,13,29
181,118,13,30
182,118,12,31
180,119,14,29
180,118,14,30
182,118,11,29
180,117,13,30
180,117,13,30
179,117,14,29
178,117,13,29
179,115,13,31
179,116,12,29
179,115,12,30
179,115,13,29
179,115,13,30
178,115,13,30
178,116,13,28
178,115,13,30
177,114,13,30
177,115,14,29
177,116,13,27
177,116,13,28
177,115,13,29
175,115,14,29
174,114,14,29
173,113,16,30
174,115,15,29
175,114,14,29
175,113,12,29
175,113,12,28
175,113,12,29
174,113,13,29
174,112,12,31
174,114,11,28
173,112,12,30
172,112,14,28
172,112,14,29
172,112,13,29
173,112,12,29
172,113,13,26
171,111,13,28
171,111,13,28
173,112,11,28
172,112,12,29
171,112,13,28
172,112,11,28
171,111,12,29
171,111,12,27
170,111,13,29
170,111,12,27
170,111,13,28
168,111,14,28
169,111,12,27
168,109,13,29
169,109,11,29
169,110,11,28
169,110,11,27
168,109,12,29
168,108,12,30
169,109,11,30
170,109,11,29
167,110,13,28
167,109,13,27
168,109,12,28
168,109,11,26
167,107,12,29
168,107,11,27
168,107,11,26
168,108,11,28
167,107,11,27
167,107,12,28
165,107,14,28
167,106,13,28
167,107,12,28
165,106,13,28
165,107,12,27
165,107,12,28
164,106,13,28
163,106,14,28
165,107,11,26
164,106,12,27
164,105,12,29
164,105,12,27
164,105,11,27
164,104,12,28
164,104,11,28
163,105,13,26
164,104,12,27
164,104,10,28
164,105,10,26
163,104,12,28
164,105,11,26
164,104,11,26
163,103,11,28
164,102,10,29
164,104,10,25
163,103,12,26
163,104,12,26
163,102,11,26
164,103,10,25
162,102,11,27
164,103,9,24
162,102,11,25
163,102,11,27
162,103,12,25
162,101,12,28
162,102,12,27
161,101,12,28
162,102,11,26
162,102,12,27
162,101,12,26
162,100,12,29
163,101,11,27
162,102,12,25
163,101,11,28
162,100,12,28
163,100,11,28
163,101,12,27
164,100,11,27
164,100,11,29
164,99,11,29
163,100,11,28
164,100,12,27
164,100,10,27
163,99,12,26
163,98,12,28
163,99,11,27
164,98,11,30
163,98,12,28
162,98,13,29
163,98,11,29
163,98,12,28
162,99,12,26
163,99,11,30
163,99,11,26
162,99,12,26
163,97,12,26
163,96,11,27
163,96,11,26
163,96,12,26
164,96,10,26
163,96,10,25
164,96,10,25
164,95,11,26
164,95,11,28
164,96,13,28
164,96,12,26
164,96,12,26
166,97,10,25
165,95,11,27
166,95,12,25
166,96,12,26
166,95,13,26
166,95,11,24
166,95,11,24
165,95,11,26
163,95,13,23
164,94,12,25
164,94,11,26
165,95,12,25
165,94,13,27
165,94,13,27
165,94,13,27
165,94,13,27
165,94,13,27
165,93,13,27
165,93,13,27
166,93,13,27
166,93,13,27
166,93,13,27
166,92,13,27
166,92,13,27
166,92,13,27
166,92,13,27
166,92,13,27
166,92,13,27
166,92,13,27
167,92,13,27
167,92,13,27
167,92,13,27
167,91,13,27
167,91,13,27
168,91,13,26
168,91,13,26
168,91,13,26
169,91,13,26
169,91,13,26
169,91,13,26
168,90,13,27
168,90,12,26
168,90,12,26
168,89,12,26
168,89,12,26
168,89,12,26
168,90,12,26
168,90,12,26
168,89,12,26
168,89,12,26
168,88,12,26
168,88,12,26
168,88,12,26
168,89,12,26
168,88,12,26
168,89,12,26
169,89,12,26
169,88,12,26
169,88,13,25
169,88,13,25
169,87,13,25
170,88,13,25
169,87,13,25
170,87,13,25
