70,141,16,30
71,142,13,29
71,142,15,28
71,142,15,29
72,142,16,29
72,142,14,29
74,141,12,30
74,141,13,30
75,141,14,31
75,141,14,30
75,141,13,30
75,142,14,30
75,143,13,28
77,144,12,28
75,144,16,27
76,142,14,30
78,143,13,28
79,143,10,28
78,144,13,27
79,144,13,27
78,143,12,29
79,143,14,28
79,143,13,28
79,143,15,30
79,144,15,28
80,144,15,29
82,144,14,29
81,144,15,27
81,144,16,28
82,145,15,26
81,143,16,28
84,143,14,30
83,144,15,30
83,143,17,29
82,144,17,28
84,145,15,28
85,145,15,28
84,143,15,30
85,143,16,29
84,143,15,29
85,144,16,28
85,142,14,31
86,142,13,30
87,143,12,29
87,142,12,30
86,143,13,30
88,143,13,30
87,142,13,31
88,142,12,31
87,142,13,33
88,144,13,29
88,144,12,30
87,142,12,31
88,142,12,31
89,143,11,31
88,144,14,31
89,145,12,29
88,144,12,30
90,144,11,31
89,145,11,29
90,145,12,30
88,145,12,29
89,145,12,28
89,145,12,28
89,144,13,30
89,144,13,29
89,146,13,28
89,146,13,29
89,145,13,29
88,145,15,29
89,145,15,31
89,145,13,29
90,146,12,29
89,146,12,28
89,146,13,29
89,146,13,29
89,147,14,29
90,148,15,30
89,146,14,30
89,147,14,29
89,146,16,31
90,147,14,30
92,147,13,31
90,147,14,29
90,147,16,30
90,148,15,29
90,148,16,30
90,147,16,29
89,147,17,31
91,148,14,30
91,147,15,31
91,148,13,31
92,148,12,30
91,150,13,29
92,149,12,29
91,149,14,31
92,149,14,32
92,150,12,30
91,149,12,30
92,150,12,29
92,149,13,30
92,149,14,31
93,148,13,32
92,149,14,31
92,150,13,32
91,151,16,31
92,150,14,31
92,150,14,29
94,150,12,30
94,151,15,29
94,150,14,29
95,151,13,28
96,151,12,28
95,151,15,28
96,151,13,27
95,151,14,28
96,151,14,28
96,151,14,29
96,151,13,29
96,151,14,29
96,151,13,29
97,151,13,28
97,150,14,31
98,151,13,31
98,151,13,30
97,149,14,31
98,151,14,31
98,150,13,29
99,151,13,31
99,151,12,29
99,151,13,29
99,151,13,29
99,151,12,30
99,149,13,32
99,150,13,30
100,151,12,29
99,151,13,29
100,151,12,29
100,151,12,29
100,151,12,29
100,150,12,29
100,150,12,31
100,151,12,30
100,151,13,29
101,151,12,30
102,151,12,29
100,152,14,29
101,151,12,29
102,151,12,30
101,151,14,30
101,151,15,30
101,151,13,30
101,151,14,29
101,151,14,29
102,151,13,29
101,151,15,30
102,151,13,30
101,151,14,30
102,151,13,31
102,151,13,30
102,151,12,30
103,152,13,29
103,151,12,30
102,152,15,29
101,150,15,31
102,151,14,30
102,151,15,29
101,151,15,29
102,151,15,29
102,150,16,30
103,151,14,30
102,151,15,30
104,151,16,31
103,151,16,31
103,151,15,30
103,150,15,31
104,152,14,28
105,151,13,29
104,152,15,29
104,151,16,32
105,151,14,30
106,151,13,29
106,151,13,30
105,152,16,30
106,151,18,32
106,152,13,29
103,149,16,31
105,150,15,30
106,152,13,29
106,150,13,30
105,151,15,30
105,151,14,30
105,151,16,31
105,151,15,30
106,150,13,31
105,151,15,30
107,151,15,31
107,151,15,30
107,151,14,30
107,151,14,29
107,152,14,29
106,151,16,30
106,151,16,30
106,151,16,30
106,151,16,30
106,151,16,30
106,151,16,30
106,151,16,31
106,151,16,30
106,151,16,30
106,151,16,30
106,151,16,30
106,151,16,31
106,151,16,30
106,151,16,30
106,152,16,30
106,152,16,30
107,151,16,31
107,151,16,30
107,151,16,30
107,151,16,30
107,151,16,30
107,151,16,30
107,151,16,31
108,151,16,31
108,151,17,31
106,151,20,31
106,151,21,31
106,151,20,31
106,151,20,31
106,150,18,30
107,149,15,31
106,149,14,31
106,150,15,30
106,150,14,30
107,150,15,31
107,150,15,31
107,151,15,31
107,150,15,31
107,150,15,31
107,151,15,31
107,151,17,30
107,151,17,30
107,151,17,31
107,152,17,31
107,151,17,31
106,151,18,31
106,151,17,30
106,151,17,30
106,151,17,30
106,151,17,30
106,151,17,30
105,151,17,30
106,151,16,30
106,151,16,30
106,151,16,30
106,151,16,30
106,151,16,30
106,151,16,30
107,151,16,30
107,151,16,30
107,151,16,30
107,152,16,30
108,151,14,30
107,151,17,31
108,151,15,30
108,151,17,30
108,151,16,31
107,151,17,31
108,150,15,31
109,151,14,30
109,151,15,29
109,151,15,29
108,151,17,31
109,151,17,31
110,151,15,32
110,151,14,28
110,151,16,30
110,151,15,29
110,151,16,31
110,151,16,31
109,150,15,31
109,150,17,31
110,151,16,29
111,150,16,30
112,150,14,32
111,150,13,29
111,151,17,29
111,150,16,32
111,150,15,32
112,151,15,31
110,151,17,29
112,150,13,32
111,151,14,28
112,150,14,30
111,151,15,30
112,151,14,30
113,151,16,30
114,151,13,30
113,151,16,31
113,151,15,29
114,151,14,30
114,151,15,32
114,151,14,28
115,151,14,28
115,152,15,28
114,151,16,31
115,151,15,29
116,150,14,30
116,151,14,30
117,151,14,29
116,151,16,30
117,151,14,30
118,150,14,31
119,151,15,31
119,150,14,30
119,150,14,30
119,151,16,31
118,150,16,31
118,151,17,30
119,151,16,28
120,152,14,28
120,151,15,29
121,151,13,29
121,150,15,30
119,150,18,30
122,150,14,30
120,149,16,32
122,151,15,31
121,149,16,31
122,150,16,31
124,151,15,28
122,151,17,30
124,149,13,31
123,149,16,31
124,149,15,33
124,149,15,31
123,149,17,31
125,148,13,31
123,148,17,31
125,149,16,30
123,148,18,31
125,148,15,31
126,149,16,29
124,148,16,31
124,149,18,30
126,148,14,31
125,149,16,29
126,149,15,30
126,147,15,31
127,149,14,29
126,149,16,30
127,148,14,30
127,148,14,30
127,148,16,30
127,149,14,28
127,147,15,30
128,147,16,32
128,149,14,28
127,146,15,31
128,147,15,29
128,147,17,31
128,148,16,29
129,148,13,28
130,148,13,29
130,148,14,28
128,146,15,30
130,147,13,30
129,146,17,32
129,146,15,32
130,147,14,28
130,146,15,31
130,146,16,31
131,146,15,32
131,146,16,31
132,146,15,31
132,146,15,32
131,145,15,31
131,146,15,29
131,146,15,29
133,147,14,28
132,145,15,29
133,146,14,29
133,146,13,29
131,145,16,31
132,145,15,29
132,145,14,31
132,145,14,30
132,145,14,30
132,145,14,30
132,145,14,30
132,145,15,30
131,145,16,29
132,145,14,30
132,145,14,30
133,145,13,29
131,144,15,30
131,144,16,29
133,144,13,30
133,144,13,29
133,145,14,28
133,144,14,29
133,144,14,29
132,143,17,30
134,143,14,29
133,144,15,28
134,143,16,30
133,144,15,29
134,143,15,31
134,143,14,30
135,143,15,31
135,143,14,31
135,143,15,30
134,142,16,30
135,142,15,29
135,143,15,28
136,141,13,30
137,142,14,30
136,140,14,31
138,141,14,32
136,142,15,29
137,142,14,29
136,140,15,31
138,142,14,30
138,142,14,29
138,142,13,29
138,142,13,30
138,142,14,29
139,142,15,30
137,141,16,30
139,142,13,29
138,141,15,30
139,142,13,28
137,141,15,30
138,141,14,30
139,140,13,30
138,141,15,30
140,141,12,29
139,141,13,30
140,141,12,29
140,139,12,31
139,139,13,30
139,139,13,30
140,140,12,29
140,139,14,30
140,140,13,29
140,140,13,30
139,139,15,32
140,140,12,29
139,140,13,29
139,140,15,30
138,139,14,30
140,140,15,31
140,140,12,29
140,140,12,29
140,140,12,29
140,140,12,29
141,140,14,29
139,140,15,29
141,140,11,30
140,140,13,29
141,140,12,29
140,140,13,29
139,140,15,30
141,140,12,30
140,140,12,29
141,141,12,28
140,140,13,29
140,140,14,29
140,140,13,28
140,141,12,29
140,141,13,28
141,140,12,29
140,140,12,29
140,140,13,29
140,140,13,30
140,140,14,30
140,139,12,30
139,140,14,29
140,140,13,30
140,141,12,28
141,140,11,30
140,140,13,29
141,140,13,30
140,141,13,28
140,141,13,28
140,141,12,29
140,141,13,28
140,141,13,28
139,140,14,30
141,141,11,27
140,142,13,28
141,142,11,29
140,140,13,31
140,139,13,30
141,141,11,28
141,141,12,29
141,141,11,29
138,140,15,30
141,141,11,29
140,141,14,28
140,140,12,29
142,140,11,28
141,140,12,29
141,141,11,29
141,141,11,29
141,141,11,29
141,141,11,28
141,141,11,29
141,141,11,28
140,141,13,29
141,141,11,29
141,140,12,30
140,141,12,29
140,141,13,28
141,140,12,30
141,141,11,28
141,140,11,30
140,141,12,28
141,140,11,29
141,140,11,30
140,140,13,29
140,140,14,30
141,140,12,31
140,140,13,29
141,140,11,29
140,140,13,29
140,141,13,28
139,140,14,29
140,139,12,30
140,140,12,29
139,140,14,29
140,141,11,28
139,142,13,28
138,140,14,29
139,140,13,29
140,140,12,29
138,140,14,28
139,140,13,29
137,140,15,30
138,142,15,30
138,140,14,32
138,141,13,29
137,142,15,29
137,142,13,28
136,142,14,29
137,142,13,29
137,142,12,30
137,143,12,29
137,143,12,30
136,143,13,29
136,144,13,28
135,144,14,28
133,143,16,30
134,144,14,28
134,143,13,28
132,144,14,29
133,144,12,28
133,144,13,28
132,144,12,28
132,143,11,30
131,145,13,28
128,144,14,29
129,145,14,28
126,144,17,28
127,144,15,30
126,145,16,28
125,145,17,31
126,145,15,30
126,145,14,29
126,146,14,27
124,145,15,29
123,146,15,28
123,146,13,29
122,145,13,29
122,146,13,28
121,145,14,29
121,146,13,29
119,146,14,30
119,147,14,29
119,146,13,30
118,147,14,29
117,147,15,29
117,147,14,30
117,147,14,30
116,148,14,29
115,148,14,29
115,148,14,29
115,148,13,29
114,148,13,29
114,148,12,29
113,148,12,28
113,149,11,28
111,147,13,29
112,148,11,29
111,148,11,29
110,148,12,28
108,149,14,28
108,149,13,27
107,150,15,27
106,149,15,29
105,149,15,29
105,150,16,28
105,150,16,28
105,150,14,28
104,150,14,28
103,150,14,29
103,149,13,30
102,150,13,29
101,150,13,28
101,150,13,29
100,150,14,30
100,150,13,29
100,151,13,29
99,151,14,30
98,151,13,29
98,151,14,29
97,152,15,28
96,152,15,28
94,151,16,29
96,152,14,28
95,152,14,29
95,152,13,28
94,152,14,29
93,152,14,29
93,152,13,29
92,152,14,28
91,152,14,30
91,152,15,29
91,152,15,29
91,152,14,29
91,152,12,30
90,152,13,30
90,152,13,30
90,152,13,30
89,152,15,30
89,153,14,27
89,153,13,29
89,153,14,29
88,153,14,28
88,152,14,29
88,153,13,29
88,153,12,29
88,153,13,29
87,153,13,29
87,153,13,29
87,153,12,29
86,153,13,29
86,153,13,30
86,153,13,30
86,153,13,31
85,153,14,30
85,153,14,30
86,153,13,30
85,153,14,31
84,154,14,29
84,154,15,30
84,154,13,29
84,154,14,30
84,154,13,29
83,154,13,30
84,154,15,31
84,154,13,30
84,154,12,29
84,154,13,29
84,154,12,31
84,154,14,31
84,154,12,30
83,154,12,29
82,154,14,29
82,154,14,30
83,154,13,30
81,154,15,31
82,154,16,31
83,154,13,30
83,154,11,29
83,153,15,31
82,154,13,31
83,155,11,29
82,154,13,30
82,155,13,28
81,154,13,29
82,154,12,29
82,154,12,29
81,154,13,30
81,154,14,29
81,155,13,29
81,154,13,29
80,154,14,29
81,154,13,30
80,154,13,30
80,154,13,30
79,154,16,29
79,154,14,29
79,154,14,29
78,153,14,30
79,155,13,28
79,154,14,30
79,154,13,29
79,154,13,30
79,154,13,30
79,154,13,31
78,154,14,32
79,154,12,31
79,154,12,30
79,154,13,32
78,154,13,31
78,154,14,31
78,154,13,32
79,154,12,31
79,154,13,31
78,154,13,31
79,154,15,32
78,154,14,31
79,154,13,31
79,154,12,31
79,154,12,31
79,154,12,31
79,154,12,30
78,153,13,31
78,154,13,31
79,154,13,31
79,154,12,31
79,154,11,31
79,154,12,31
79,154,12,30
79,154,12,31
79,154,12,31
79,154,11,30
79,154,12,30
79,155,13,30
78,154,13,31
79,154,12,31
79,154,12,31
79,154,12,31
78,154,13,31
77,154,15,32
78,154,13,31
78,154,13,31
78,153,13,31
78,154,13,31
77,154,13,31
78,154,13,31
79,154,12,31
79,154,12,31
78,155,13,30
78,154,13,31
78,154,13,31
78,154,13,31
78,154,13,32
78,154,13,31
78,154,13,31
78,152,14,34
77,153,14,31
78,154,13,32
78,153,12,32
78,154,12,31
78,154,13,31
77,154,14,31
77,154,14,30
77,153,14,32
77,154,14,31
77,154,14,30
77,154,14,31
77,154,15,31
77,154,14,31
77,154,14,31
76,154,15,31
77,154,15,31
76,154,15,31
77,154,13,31
77,153,15,32
77,154,14,31
76,154,15,31
77,153,13,32
77,154,14,30
75,152,19,34
76,153,15,32
75,154,16,30
76,154,16,30
77,154,15,30
77,154,14,30
77,154,14,31
77,153,15,32
77,154,14,30
78,154,13,31
78,154,14,30
78,154,13,31
78,154,13,30
77,154,14,30
77,154,14,30
78,154,13,30
78,155,13,29
78,155,14,30
78,154,14,31
78,154,13,31
78,154,12,31
78,154,12,30
78,154,13,31
78,155,13,30
78,155,13,29
78,155,13,29
77,153,16,33
78,154,13,30
78,154,13,31
79,154,12,31
78,154,12,31
79,154,12,30
79,154,12,30
79,154,12,30
79,154,12,31
79,154,11,30
79,154,12,30
79,154,12,31
79,154,13,31
78,154,13,30
78,154,14,30
79,154,12,31
79,154,13,31
78,154,12,31
78,154,13,31
78,154,14,31
78,153,13,32
79,154,12,31
79,154,13,32
79,154,13,30
78,154,13,30
78,154,13,31
79,154,13,31
79,154,12,31
79,154,13,30
79,154,14,31
79,154,14,31
79,154,14,31
79,154,14,30
78,154,14,30
79,154,13,31
79,154,12,32
79,154,13,31
79,154,13,30
79,154,13,31
79,154,13,31
79,155,12,30
79,154,13,31
79,154,14,31
79,154,14,31
79,153,14,32
79,154,13,31
78,153,14,33
79,154,13,31
78,154,13,31
78,154,13,31
78,154,13,31
78,154,13,31
78,155,13,30
77,154,15,31
77,155,15,30
77,154,15,31
77,154,15,31
77,154,14,31
76,154,16,31
76,154,15,31
76,154,16,30
76,154,15,31
76,154,15,30
77,154,14,31
77,154,14,31
76,154,14,30
76,154,15,31
76,153,16,32
76,154,15,30
76,154,16,31
77,153,15,32
77,153,15,32
78,154,14,30
77,154,15,30
77,154,14,30
77,153,14,33
77,154,15,31
76,153,14,32
77,154,14,30
76,153,16,31
76,154,14,30
76,154,17,31
77,153,14,32
77,154,14,31
77,154,14,31
77,154,14,30
77,154,15,31
76,154,14,30
76,154,15,31
77,154,14,31
77,154,13,31
77,153,13,32
77,154,14,31
77,154,14,31
76,153,15,32
77,154,14,31
77,153,14,32
77,154,15,30
76,153,16,33
76,153,15,32
76,154,14,31
78,153,14,31
77,153,15,32
77,154,14,30
77,153,14,33
77,154,15,31
77,154,14,31
77,153,14,32
77,153,14,32
76,153,16,32
76,154,16,30
77,154,15,30
77,154,14,30
77,154,14,31
77,154,14,31
78,154,13,30
77,154,14,32
77,155,15,30
77,154,14,31
77,153,14,31
77,153,15,32
77,154,15,30
77,154,14,31
77,154,14,31
77,154,13,31
77,154,15,30
77,154,15,32
78,154,13,30
78,154,14,30
78,154,13,31
78,154,14,31
78,154,14,30
78,154,14,31
77,154,14,31
78,153,13,31
79,154,13,31
79,153,13,34
78,153,15,32
77,154,16,31
76,154,15,30
77,152,14,32
78,154,13,31
78,152,12,32
78,153,14,33
78,153,14,31
79,154,13,31
79,153,12,32
77,153,14,32
78,154,14,31
77,152,14,33
77,154,14,30
78,153,13,31
78,154,13,30
78,154,13,30
78,154,13,31
78,154,13,30
77,154,14,30
78,153,14,32
78,153,13,31
78,154,13,30
78,154,14,30
78,154,13,31
78,154,13,31
79,154,12,31
79,154,12,31
79,154,12,31
79,154,12,32
79,154,12,30
79,154,13,30
79,154,13,31
79,153,12,32
79,154,13,31
79,154,12,31
78,154,14,32
77,153,14,33
79,153,12,32
78,154,14,31
78,153,13,32
79,152,12,33
79,153,15,32
77,152,14,33
79,153,12,32
78,152,14,33
79,153,14,32
79,154,12,31
78,154,13,31
79,153,12,32
79,153,12,31
78,153,13,32
79,154,12,31
77,152,14,33
79,153,12,32
79,153,11,32
79,154,11,30
79,154,11,31
79,154,12,30
79,154,12,31
79,154,12,31
79,153,11,32
79,154,12,32
79,154,11,31
79,154,12,30
79,154,13,30
79,154,14,33
78,153,14,32
79,154,12,31
79,153,12,32
78,154,13,31
79,153,14,32
78,154,14,32
78,153,13,32
77,153,13,32
78,153,13,31
79,153,12,31
78,154,12,30
79,154,12,31
79,154,11,30
79,154,12,30
79,154,12,31
79,154,11,30
78,153,14,32
79,154,12,30
79,154,12,30
79,154,12,30
79,154,12,30
79,154,12,31
79,154,11,31
79,154,12,30
79,154,12,31
79,154,11,30
78,154,12,30
79,154,12,31
78,153,13,33
77,153,14,33
77,154,13,31
76,153,15,31
78,153,13,32
78,153,12,31
78,153,12,31
78,153,14,32
78,153,13,32
78,153,12,32
78,152,13,33
79,153,12,31
78,153,14,31
78,154,13,31
78,153,13,32
78,153,12,31
78,153,13,32
79,154,12,31
79,154,12,31
79,154,13,31
79,154,12,30
78,154,13,31
78,154,13,30
79,154,13,31
79,154,13,30
79,154,13,32
78,153,12,30
78,153,13,30
79,154,13,30
79,154,13,30
79,154,13,30
80,153,13,31
79,154,14,30
79,154,13,29
79,153,14,30
80,154,14,29
79,153,14,31
80,153,14,30
79,153,14,29
79,154,16,30
80,153,15,30
80,153,14,30
80,153,15,31
80,153,15,30
81,153,15,32
82,154,14,29
82,154,14,30
81,152,17,32
82,153,15,30
82,154,14,30
83,154,14,30
83,154,14,30
83,154,14,29
83,154,13,29
83,154,14,30
84,154,13,29
84,154,13,29
84,154,13,29
84,154,14,29
85,153,13,31
84,154,14,29
85,153,13,31
85,154,13,29
85,153,12,29
85,153,13,30
85,153,13,30
85,153,13,31
85,153,13,32
86,153,13,30
86,153,13,31
86,153,13,31
86,153,13,31
86,153,13,30
87,153,12,30
86,152,13,30
87,152,12,31
86,153,13,29
86,152,13,31
87,152,13,30
86,153,14,28
86,152,13,30
87,153,12,29
87,152,13,29
88,151,12,32
87,151,13,31
88,152,13,29
88,152,14,29
89,151,13,30
89,151,13,30
90,152,13,30
90,152,13,30
90,152,13,30
90,152,13,29
91,152,13,29
91,151,13,29
91,151,13,31
91,151,13,30
90,151,16,29
91,150,17,31
91,149,17,31
91,148,19,33
94,148,19,33
97,148,17,31
98,149,15,30
99,148,16,32
99,148,16,31
102,149,16,29
102,150,18,30
103,149,15,29
103,149,17,29
104,149,15,28
103,148,16,30
105,149,16,28
103,149,17,28
106,148,15,30
108,149,14,29
108,148,17,31
108,148,16,30
108,148,18,30
109,149,17,28
111,149,17,30
109,148,18,30
112,148,16,29
111,150,18,28
113,149,17,29
114,149,17,28
114,150,17,28
115,149,17,28
116,149,16,29
116,149,18,28
120,148,14,29
121,148,13,30
121,148,13,30
124,147,12,32
124,149,13,28
126,148,16,28
129,147,17,31
130,147,16,29
131,147,18,30
132,146,15,31
133,145,15,31
136,146,14,30
136,145,14,31
137,146,14,30
138,145,16,30
139,146,17,30
139,145,18,31
141,145,15,30
141,147,16,30
141,147,17,29
142,146,19,30
144,144,15,32
146,145,17,30
147,146,14,30
149,145,14,30
148,144,16,32
150,144,16,32
150,143,16,33
152,145,15,30
152,144,18,31
152,145,20,30
155,145,18,32
154,145,19,30
155,145,20,32
157,143,16,31
158,143,16,32
162,143,13,30
163,143,13,30
162,144,14,29
164,142,16,31
166,143,17,29
167,142,20,31
171,143,15,30
172,143,16,29
176,141,14,30
175,141,15,30
179,141,14,30
180,141,17,30
181,141,16,30
181,139,18,32
184,140,17,31
185,139,16,32
187,139,13,30
188,139,14,30
189,139,13,31
191,139,13,29
192,139,14,30
191,139,16,30
192,138,15,30
192,140,16,28
193,138,18,31
193,139,19,29
195,139,15,29
197,138,16,30
197,137,17,30
198,138,16,29
200,137,16,31
200,137,14,30
202,136,14,30
204,136,14,32
204,137,13,30
204,137,15,29
205,137,16,30
206,136,13,29
206,136,15,29
210,136,13,28
210,135,13,29
212,136,17,29
213,135,12,29
214,136,13,28
215,135,13,29
215,135,14,28
216,136,15,28
217,135,14,28
217,135,16,28
218,135,15,28
221,134,13,29
221,134,14,28
223,134,13,28
225,133,11,29
225,133,13,30
226,134,14,28
228,133,13,29
229,134,13,28
229,134,13,28
229,134,14,27
231,133,15,28
232,131,15,30
234,132,12,28
235,131,12,29
234,131,13,28
237,132,11,28
238,132,11,28
237,130,14,30
238,131,15,28
239,132,14,27
239,132,14,27
239,131,14,28
239,131,15,27
240,130,14,28
242,132,15,26
243,130,12,27
244,130,13,27
246,130,12,28
247,131,12,27
246,130,15,28
248,129,13,29
248,130,14,28
249,129,14,29
251,129,13,28
250,129,13,27
253,129,11,26
254,128,10,27
257,127,10,27
258,127,11,28
258,127,12,26
258,127,12,28
258,127,14,27
258,127,15,28
259,127,12,26
259,128,13,26
261,127,12,25
260,126,13,28
261,126,14,26
261,125,15,27
263,126,14,26
263,125,14,27
264,124,14,28
264,125,12,27
265,125,13,27
266,124,13,28
266,125,14,27
266,124,13,28
267,124,11,27
268,124,11,27
268,123,12,28
269,122,12,29
267,124,16,29
270,122,15,28
272,123,11,27
271,124,12,25
272,123,12,26
273,123,12,26
274,123,13,24
273,123,13,24
273,121,13,27
275,123,12,25
275,123,12,25
276,122,12,26
276,120,12,26
277,121,11,25
277,119,13,28
278,120,11,25
279,120,12,26
279,120,12,26
279,121,12,24
281,119,11,26
280,119,12,28
280,119,11,27
281,119,11,27
282,119,11,27
282,119,10,27
283,119,11,26
283,119,11,25
285,118,10,26
285,119,10,24
284,117,12,26
286,117,10,27
285,117,13,26
287,118,10,25
287,117,11,26
288,117,11,25
288,117,11,25
288,118,13,25
286,117,14,26
289,117,12,26
288,117,14,25
289,117,14,24
290,116,12,26
290,117,14,24
291,117,12,24
290,116,13,26
293,116,11,26
294,115,11,26
293,116,12,26
294,116,12,25
293,115,12,26
294,114,12,27
293,115,13,26
295,114,13,27
297,113,10,27
297,115,11,24
298,114,11,26
298,114,11,26
298,113,11,26
299,113,11,26
299,113,12,26
299,113,12,25
300,114,11,25
300,114,12,24
300,114,13,25
300,114,13,26
299,113,14,26
302,113,11,26
300,113,12,26
302,113,12,25
302,113,11,25
303,113,11,25
304,112,11,26
305,112,10,25
305,111,10,27
304,113,11,25
305,113,11,25
306,113,11,26
306,113,12,25
307,111,10,26
