365,377,34,103
365,377,34,103
365,376,34,103
365,375,33,103
365,374,33,103
364,373,33,103
363,372,33,103
363,371,33,100
363,370,33,99
363,369,32,99
363,368,32,98
363,367,32,98
363,367,32,98
362,367,32,98
362,365,31,98
362,365,30,98
362,364,30,99
362,364,30,99
362,364,30,99
362,363,30,99
361,362,30,99
361,361,29,99
361,361,29,99
361,361,29,99
361,360,28,99
361,360,28,99
361,360,28,99
360,358,28,99
360,357,28,99
360,357,28,99
360,356,28,99
360,355,28,99
360,354,28,97
359,353,28,96
359,352,27,94
359,351,27,94
359,350,27,94
359,350,27,94
359,349,27,94
359,348,27,94
359,348,27,94
359,347,27,95
359,347,27,95
359,347,27,95
359,347,27,95
359,345,27,97
359,345,27,97
359,345,27,97
359,344,27,98
359,344,27,98
359,343,27,98
359,342,27,98
359,341,27,98
359,341,27,98
359,340,27,98
359,339,27,98
359,338,27,98
359,337,27,98
359,336,27,97
359,336,27,95
359,335,27,93
359,334,27,90
359,333,27,91
359,333,27,91
359,332,27,91
359,332,27,91
358,331,27,91
358,330,27,91
358,329,27,91
358,329,27,91
358,329,27,91
358,329,27,91
358,329,27,91
358,329,27,91
357,329,27,91
357,328,27,91
357,327,27,91
357,326,27,91
356,326,27,91
356,325,27,91
356,324,27,91
356,323,27,91
356,322,27,91
356,321,27,91
356,320,27,91
356,319,27,91
356,318,27,91
356,317,27,91
356,317,27,91
356,316,27,91
356,316,27,90
356,316,27,90
356,316,27,90
356,315,27,90
356,314,27,90
356,313,27,90
356,313,27,90
356,313,27,90
356,312,27,90
356,312,27,90
356,311,27,90
356,311,27,90
356,311,27,90
356,311,27,90
357,310,27,90
357,310,27,90
357,309,27,90
358,309,27,90
358,308,27,90
359,308,27,90
359,308,27,90
359,306,27,90
360,306,27,90
360,305,27,90
360,305,27,90
360,305,27,90
360,305,27,90
361,303,27,90
361,303,27,89
362,303,27,89
362,303,27,89
363,302,27,89
363,302,27,89
363,302,27,89
363,302,27,89
364,302,27,89
364,301,27,89
366,301,27,89
366,300,27,89
367,299,27,89
368,299,27,89
368,299,27,89
368,298,27,89
368,297,27,89
369,296,27,89
369,296,27,89
370,296,27,89
370,295,27,89
372,294,25,89
372,294,25,89
373,293,25,89
374,293,25,89
375,292,25,89
375,292,25,89
375,292,25,87
376,290,25,88
377,290,25,88
378,290,24,88
378,290,24,88
380,290,24,87
380,290,24,87
380,290,24,87
382,288,24,88
382,288,24,88
383,288,24,88
385,288,24,88
385,288,24,88
385,287,24,88
386,287,24,88
387,287,24,88
388,287,24,88
389,286,24,88
390,285,24,88
390,285,24,88
390,285,24,88
392,285,24,88
393,283,24,88
394,283,24,85
395,283,24,85
396,282,24,85
396,281,24,85
397,281,24,85
398,281,24,85
398,281,24,85
400,280,24,86
400,280,24,86
401,280,24,86
402,280,24,86
402,279,24,86
403,279,24,86
404,279,24,86
405,279,24,86
406,279,24,86
407,278,24,86
407,278,24,86
407,277,24,86
407,277,24,86
408,276,24,86
409,276,24,86
410,275,24,86
410,275,24,86
411,274,24,86
411,273,24,86
412,273,24,86
412,273,24,86
413,271,24,86
414,271,24,86
414,270,24,85
415,269,24,85
415,269,24,85
416,269,24,85
416,269,24,85
417,268,24,85
418,268,24,85
418,267,24,85
419,267,24,85
419,267,24,85
420,267,24,85
421,267,24,85
421,267,24,85
422,267,24,85
423,267,24,84
423,265,24,84
425,265,23,84
425,265,23,84
425,264,23,84
427,263,23,84
428,262,23,84
428,262,23,84
428,261,23,84
429,260,23,84
430,259,23,84
430,258,23,84
430,258,23,84
430,258,23,84
430,257,23,84
430,257,23,84
431,256,23,84
432,256,23,84
432,256,23,84
432,256,23,84
432,256,23,84
432,255,23,84
432,255,23,84
433,255,23,84
434,254,23,84
434,253,23,84
434,253,23,84
434,252,23,84
434,252,23,84
434,252,23,84
435,252,23,84
435,251,23,84
436,250,23,84
436,249,23,84
436,249,23,84
436,249,23,84
436,247,23,84
436,246,23,83
436,245,23,83
436,244,23,84
437,244,23,84
437,244,23,83
438,244,23,83
438,244,23,83
438,244,23,83
438,244,23,83
438,243,23,83
439,243,23,83
439,242,23,83
439,241,23,83
439,241,23,83
440,241,23,83
440,241,23,83
440,240,23,83
441,240,23,83
441,239,23,83
441,238,23,83
442,238,23,83
442,238,23,83
442,237,23,83
442,236,23,83
442,235,23,83
442,234,23,83
443,233,23,83
443,233,23,83
443,233,23,83
443,232,23,83
443,232,23,83
444,231,23,83
444,231,23,83
444,231,23,83
444,231,23,83
444,230,23,83
444,230,23,83
444,229,23,83
444,229,23,83
444,229,23,83
444,229,23,83
444,229,23,83
444,228,23,83
444,227,23,84
444,226,23,84
444,225,23,85
444,225,23,85
444,225,23,84
444,225,23,83
444,224,23,83
444,224,23,82
444,224,23,80
444,223,23,79
444,223,23,78
444,223,23,77
444,221,23,77
444,221,23,77
444,221,23,77
444,221,23,77
444,221,23,77
444,221,23,77
444,220,23,77
444,220,23,77
444,220,23,77
444,219,23,77
444,219,23,77
444,219,23,77
444,219,23,77
444,218,23,77
444,218,23,77
444,217,23,77
444,217,23,77
444,216,23,77
444,216,23,77
444,215,23,77
444,214,23,77
444,214,23,77
444,213,23,77
444,212,23,77
444,212,23,77
444,211,23,77
444,211,23,77
444,211,23,77
444,211,23,77
444,211,23,77
444,210,23,77
444,210,23,77
444,210,23,77
445,209,23,77
445,209,23,77
445,209,23,77
445,209,23,77
445,209,23,77
445,208,23,77
445,207,23,77
445,207,23,77
445,207,23,77
445,206,23,77
445,206,23,77
445,206,23,77
445,205,23,77
445,205,23,77
445,203,23,77
445,203,23,77
445,202,23,77
445,202,23,77
445,202,23,77
445,201,23,77
445,201,23,77
445,200,23,77
445,199,23,77
445,199,23,77
445,199,23,77
445,199,23,76
445,199,23,76
445,199,23,76
445,198,23,76
445,198,23,76
445,198,23,76
445,198,23,76
445,198,23,76
446,198,23,76
446,197,23,76
446,197,23,76
447,197,23,76
447,197,23,76
448,195,23,76
448,195,23,76
448,195,23,76
448,194,23,76
448,194,23,74
448,193,23,74
448,193,23,73
449,192,23,73
449,191,23,73
449,190,23,73
449,190,23,73
449,190,23,73
449,190,23,73
449,190,23,73
449,190,23,73
449,190,23,73
449,190,23,73
449,190,23,73
450,190,23,73
450,190,23,73
450,190,23,73
450,188,23,74
450,188,23,74
450,188,23,74
450,187,23,74
450,187,23,74
451,186,23,74
451,186,23,74
451,185,23,74
451,185,23,74
451,184,23,74
451,184,24,74
451,184,24,73
451,183,24,73
451,183,24,73
451,182,24,73
451,182,24,73
452,182,23,73
452,181,23,73
453,181,22,73
453,181,22,73
453,181,22,73
453,181,22,73
453,180,22,73
454,180,22,73
454,180,22,73
454,180,22,73
454,180,22,73
454,180,22,73
455,180,22,73
456,180,21,73
456,179,21,73
456,178,21,73
456,177,21,73
456,177,21,73
456,177,21,73
456,177,21,73
457,176,21,72
457,175,21,72
457,175,21,71
457,175,21,70
457,174,21,70
457,174,21,70
457,174,21,70
457,173,21,70
457,173,21,70
458,172,21,70
458,172,21,70
458,172,21,70
458,172,21,70
458,171,21,70
458,171,21,70
458,171,21,70
458,171,21,70
458,171,21,70
458,171,21,70
459,171,21,70
460,171,21,70
460,171,21,70
460,170,21,70
460,169,21,70
460,169,21,70
460,168,20,70
460,168,20,70
460,168,20,70
460,167,20,70
460,167,20,70
460,167,20,70
460,167,20,70
460,166,20,70
460,165,20,70
460,165,20,70
460,165,20,70
460,164,20,70
460,164,20,70
460,164,20,70
461,163,20,70
461,163,20,70
461,163,20,70
461,162,20,70
461,163,20,70
461,162,20,70
461,162,20,70
461,162,20,70
462,162,20,70
462,162,20,70
462,162,20,70
462,162,20,70
462,161,20,70
462,161,20,70
462,160,20,70
462,160,20,70
462,160,20,70
462,160,20,70
462,159,20,70
462,158,20,70
462,158,20,70
462,158,20,70
462,158,20,69
462,158,20,69
462,158,20,69
462,158,20,69
462,158,20,69
462,158,20,69
462,157,20,69
462,157,20,69
462,157,20,69
462,157,20,69
461,157,20,68
461,157,20,68
461,157,20,68
461,157,20,68
461,157,20,68
461,157,20,68
461,157,20,68
460,157,20,68
460,157,20,68
460,157,20,68
460,157,20,68
460,157,20,68
459,157,20,68
459,157,20,68
458,156,21,68
458,156,21,68
458,156,21,68
458,156,21,68
458,156,21,68
457,155,22,68
457,155,22,68
457,155,22,68
457,155,22,68
457,155,22,68
457,155,22,68
457,155,22,68
457,155,22,68
457,155,22,68
457,155,22,68
457,155,22,68
457,155,22,68
457,155,22,68
457,155,22,68
457,155,22,68
457,155,22,68
457,155,22,68
457,155,22,68
457,155,22,68
457,155,22,68
457,155,22,68
457,155,22,68
457,155,22,68
457,154,22,68
457,154,22,68
457,154,22,68
457,154,22,68
457,154,22,68
457,154,22,68
457,154,22,68
458,154,22,68
458,154,22,68
458,154,22,68
458,154,22,68
458,154,22,68
458,154,22,68
458,154,22,68
458,154,22,68
458,155,22,68
458,155,22,68
458,156,22,68
458,156,22,68
459,156,22,68
459,157,22,68
459,157,22,68
459,157,22,68
459,157,22,68
459,157,22,68
459,157,22,68
459,157,22,68
459,157,22,68
459,157,22,68
460,157,22,68
460,157,22,68
460,157,22,68
460,158,22,68
460,158,22,68
460,159,22,68
460,159,22,68
460,159,22,68
460,159,22,68
460,159,22,68
460,160,22,68
460,160,22,68
460,161,22,68
460,161,22,68
460,161,22,68
460,161,22,68
460,161,22,68
460,162,22,67
460,163,22,66
459,163,22,66
458,163,22,66
458,163,22,66
458,163,22,66
458,164,22,66
458,164,22,66
458,164,22,66
458,164,22,66
458,164,22,66
458,164,22,66
458,164,22,66
458,165,22,66
458,165,22,66
458,165,22,66
457,166,23,66
457,167,23,66
457,167,23,66
457,167,23,66
457,167,23,66
457,167,23,66
457,168,23,66
457,169,23,66
457,170,23,65
457,171,23,65
457,171,23,65
457,171,23,65
457,171,23,65
457,171,23,65
457,171,23,65
457,172,23,65
457,172,23,65
457,172,23,65
457,172,23,65
458,173,23,65
457,173,23,65
457,173,23,65
457,173,23,65
457,173,23,65
457,174,23,65
457,175,23,65
457,176,23,65
457,177,23,65
457,178,23,65
457,178,23,65
457,178,23,68
457,179,23,68
457,180,23,68
457,180,23,68
456,180,23,68
455,181,24,68
454,181,25,68
454,182,25,68
454,183,25,68
454,184,25,68
454,183,25,68
454,183,25,68
454,183,25,68
454,183,25,68
454,183,25,68
454,184,25,68
454,185,25,68
454,185,25,68
454,185,25,68
454,185,25,68
453,185,25,68
453,186,25,68
453,187,25,68
453,188,25,68
453,188,25,68
453,188,25,72
453,189,25,72
453,190,25,72
453,191,25,72
453,192,25,72
453,192,25,72
453,192,25,73
453,192,25,73
453,192,25,73
453,193,25,73
453,193,25,73
453,193,25,73
453,193,25,73
453,194,25,73
453,194,25,73
453,194,25,73
453,194,25,73
453,195,25,73
453,195,25,73
453,195,25,73
453,195,25,73
453,196,25,73
453,198,25,74
453,198,25,74
453,198,25,74
452,200,25,74
451,200,26,74
451,201,26,74
451,201,26,74
451,202,26,74
451,202,26,74
451,203,26,74
451,204,26,74
451,204,26,74
451,204,26,74
451,204,26,74
450,204,26,74
450,204,26,74
450,205,26,74
450,206,25,74
451,206,24,74
451,206,24,74
451,206,24,74
451,207,24,74
451,208,24,74
451,208,24,74
451,208,24,74
451,209,24,74
451,210,24,75
451,211,24,75
451,212,24,75
451,212,24,75
451,213,24,75
451,214,24,75
451,215,24,76
451,215,24,76
451,215,24,76
451,215,24,76
451,215,24,77
451,215,24,77
451,216,24,77
451,217,24,77
451,218,24,77
451,218,24,77
449,218,26,77
449,218,26,77
449,218,26,77
449,218,26,77
449,218,26,77
449,219,26,77
449,220,26,77
449,220,26,77
449,220,26,77
449,221,26,77
449,222,26,77
449,223,26,77
449,224,26,77
449,225,25,77
449,225,25,77
449,225,25,77
449,226,23,77
449,227,22,77
449,227,22,77
449,228,22,78
449,228,22,78
449,227,22,79
449,228,22,79
449,229,22,79
449,229,22,79
449,230,22,79
447,230,23,79
447,230,23,79
447,231,24,78
447,231,24,78
447,231,24,78
447,231,24,78
447,232,24,78
446,233,25,78
446,234,25,78
446,234,25,78
446,234,25,78
446,235,25,79
446,236,25,79
446,236,25,79
446,237,25,79
446,238,25,81
446,239,25,81
446,239,25,81
446,240,25,81
446,240,25,81
445,241,26,81
445,242,26,81
445,242,26,81
445,242,26,81
445,242,26,81
445,242,26,81
445,243,26,81
445,243,26,81
445,243,25,81
445,244,25,80
445,244,25,80
445,245,25,79
445,245,25,79
445,246,25,80
444,247,25,80
444,247,25,80
444,247,25,82
444,248,25,84
444,249,25,83
444,250,25,82
443,250,25,82
443,251,25,82
443,251,25,83
442,251,25,83
442,252,25,83
442,253,25,83
442,254,25,83
442,254,25,83
442,254,25,83
442,254,25,83
441,254,25,83
441,254,25,83
441,255,25,83
441,255,25,83
441,255,25,83
441,257,25,81
441,257,25,81
441,258,25,80
441,259,25,81
441,259,25,82
441,260,25,83
441,261,25,83
441,261,25,85
441,261,25,85
441,262,25,86
441,263,25,85
441,263,25,85
441,265,25,85
441,266,25,85
441,266,25,85
441,266,25,85
441,267,25,85
441,268,25,85
441,268,25,85
441,268,25,85
441,268,25,85
441,269,25,84
441,270,25,83
441,270,25,83
441,270,25,83
441,270,25,83
441,271,25,83
441,271,25,83
441,271,25,83
441,272,25,82
441,273,25,83
440,273,25,84
440,274,25,84
440,275,25,84
440,276,25,84
439,277,25,85
439,277,25,85
439,278,25,85
439,279,25,84
439,280,25,83
438,281,25,85
437,281,26,85
437,281,26,85
437,281,26,85
437,283,26,85
