411,48,32,112
409,48,32,112
407,48,32,112
406,48,32,112
405,48,32,112
403,48,32,112
403,48,32,112
403,48,32,112
402,48,32,112
401,48,32,112
400,48,32,112
397,48,32,112
394,48,32,112
392,48,32,112
391,48,32,112
389,48,32,112
386,48,32,112
383,48,32,112
382,47,32,112
381,47,32,112
379,47,32,112
378,47,32,110
377,47,32,110
376,47,32,110
375,47,32,110
372,47,32,110
369,47,32,110
368,47,32,110
367,47,32,110
366,47,32,110
362,47,33,110
359,47,33,110
358,47,33,110
356,47,33,110
354,47,33,110
352,47,33,110
351,47,33,110
349,47,33,110
346,47,33,110
344,47,33,107
343,47,33,107
342,47,33,107
341,47,33,107
340,47,33,107
339,47,33,107
337,47,33,107
335,47,33,107
333,47,33,107
331,47,33,107
330,47,33,107
328,47,33,107
327,47,33,107
326,47,33,107
325,47,33,107
324,47,33,107
322,47,33,107
318,47,33,107
315,47,33,107
313,47,33,107
311,47,33,107
309,47,33,107
308,47,33,107
307,47,33,107
306,47,33,107
301,46,33,108
300,46,33,108
299,46,33,108
296,46,34,108
293,45,36,108
292,45,36,108
290,45,36,108
286,44,39,108
285,44,39,108
284,44,39,108
283,44,39,108
281,44,39,108
280,44,39,108
279,44,39,108
278,44,39,108
276,44,39,108
275,44,35,108
273,41,35,110
271,41,35,110
270,41,35,110
268,40,35,110
267,40,35,110
265,40,35,110
263,40,35,110
260,40,35,110
258,40,35,110
257,40,35,110
256,40,35,110
254,40,35,110
252,40,35,110
250,39,35,110
248,39,35,110
246,39,35,110
245,39,35,110
244,39,35,110
242,39,35,110
241,37,35,112
239,37,35,112
237,37,35,112
235,37,35,112
233,37,35,112
233,37,35,112
231,36,35,113
230,36,35,113
230,36,35,113
229,36,35,113
228,36,35,113
227,36,35,113
226,36,35,113
225,36,35,113
224,36,35,113
223,36,35,113
222,36,35,113
221,36,35,113
221,36,35,113
221,35,35,113
220,35,35,113
219,35,35,113
217,35,35,113
216,35,35,113
216,35,35,113
215,35,35,113
215,35,35,113
215,35,35,113
215,35,35,113
215,37,35,109
215,38,35,108
213,39,35,108
214,39,35,107
213,43,35,105
213,41,35,105
212,43,35,104
212,45,35,102
212,47,35,100
212,49,35,98
211,49,35,98
210,50,35,94
209,50,35,94
209,54,35,91
209,57,35,88
208,59,39,86
208,62,39,84
208,62,39,84
208,63,39,82
208,66,39,79
208,67,39,78
208,69,39,77
208,70,39,76
208,72,39,75
208,74,39,73
208,75,39,71
208,77,39,70
208,77,39,70
208,78,39,69
208,78,39,69
209,78,41,70
209,79,41,67
209,79,41,67
209,79,41,67
209,79,41,67
209,79,41,67
209,77,41,69
209,77,41,69
209,77,41,69
209,77,41,69
209,77,41,69
209,77,41,69
209,77,41,69
209,77,41,69
209,77,41,69
209,77,41,69
209,77,41,69
209,77,41,69
209,77,41,69
209,77,41,69
209,77,41,69
209,77,41,69
209,77,41,69
209,77,41,69
209,77,41,69
209,77,41,69
209,77,41,69
209,77,41,69
209,77,41,69
209,77,41,69
209,77,41,69
209,77,41,69
209,77,41,69
209,77,41,69
209,77,41,69
209,77,41,69
209,77,41,69
209,77,41,69
209,77,41,69
209,77,41,69
209,77,41,69
209,77,41,69
209,77,41,69
209,77,41,69
209,77,41,69
209,77,41,69
209,77,41,69
209,77,41,69
209,77,41,69
209,77,41,69
209,77,41,69
209,77,41,69
209,77,41,69
209,77,41,69
209,77,41,69
209,77,41,69
209,77,41,69
209,77,41,69
209,77,41,69
209,77,41,69
209,77,41,69
209,77,41,69
207,77,42,69
207,77,42,69
207,77,42,69
207,77,42,69
207,77,42,69
207,77,42,69
207,77,42,69
207,77,42,69
207,77,42,69
207,77,42,69
207,77,42,69
207,77,42,69
207,77,42,69
207,77,42,69
207,77,42,69
207,77,42,69
207,77,42,69
207,77,42,69
207,77,42,69
207,77,42,69
207,77,42,69
207,77,42,69
207,77,42,69
207,77,42,69
207,77,42,69
207,77,42,69
207,77,42,69
207,77,42,69
207,77,42,69
207,76,42,71
207,75,42,72
207,75,42,72
207,74,42,72
207,73,42,73
207,72,42,75
207,70,42,77
207,67,42,78
207,67,42,78
207,65,42,81
207,63,42,83
207,61,42,85
207,59,42,87
207,58,42,88
207,57,42,89
207,55,42,91
207,52,42,94
207,51,42,96
207,49,42,99
207,48,42,99
207,47,42,99
207,46,42,101
207,44,42,103
209,43,36,103
209,41,36,104
209,40,36,106
210,40,36,106
210,39,36,106
210,39,36,106
210,38,36,108
210,37,36,109
210,35,36,111
212,35,33,111
212,34,33,111
212,34,33,111
212,34,33,111
212,34,33,111
212,34,33,111
213,34,33,111
213,34,33,111
213,34,33,111
214,34,33,111
214,34,33,111
214,34,33,111
216,34,33,111
217,34,33,111
219,34,33,111
220,34,33,111
221,34,33,111
222,34,33,111
222,34,33,111
223,34,33,111
224,34,33,111
225,34,33,111
227,34,33,111
228,34,33,111
230,34,33,111
231,34,33,111
232,34,33,111
232,34,33,111
233,34,33,111
235,34,33,111
237,34,32,111
239,34,32,111
240,34,32,111
240,34,32,111
241,34,32,111
241,34,32,111
242,35,32,111
242,35,32,111
244,35,32,111
245,35,32,111
246,35,32,111
247,35,32,111
247,35,32,111
248,35,32,111
249,35,32,111
250,35,32,111
251,35,32,111
252,35,32,111
253,35,32,111
255,35,31,111
256,35,31,111
257,34,31,111
258,33,31,111
260,33,31,111
260,35,31,108
261,35,31,108
262,35,31,108
262,35,31,108
263,35,31,108
264,35,31,108
265,35,31,108
266,35,31,108
267,35,31,108
268,35,31,108
270,35,31,108
273,35,31,108
274,35,31,108
275,35,31,108
277,35,31,108
278,35,31,108
279,35,31,108
280,35,31,108
281,35,31,108
282,35,31,108
282,35,31,108
283,35,31,108
283,35,31,108
283,35,31,108
284,35,31,108
285,35,31,108
286,35,31,108
286,35,31,108
287,35,31,108
288,35,31,108
289,35,31,108
289,35,31,108
290,34,31,108
291,34,31,108
291,34,31,108
291,34,31,108
292,34,31,108
292,34,31,108
292,34,31,108
293,34,31,108
294,35,31,108
294,35,31,108
296,35,31,108
298,35,31,108
299,35,31,108
300,35,31,108
300,35,31,108
301,35,31,108
302,35,31,108
303,35,31,108
304,35,31,108
305,35,31,108
306,35,31,108
307,35,31,108
307,35,31,108
308,35,31,108
309,35,31,108
309,35,31,108
310,35,31,108
310,35,31,108
309,35,31,108
309,35,31,108
310,35,31,108
310,35,31,108
310,35,31,108
310,35,31,108
310,35,31,108
310,35,31,108
310,35,31,108
310,35,31,108
311,35,31,108
312,35,31,108
313,35,31,108
313,35,31,108
313,35,31,108
314,35,31,108
315,35,31,108
316,35,31,108
317,35,31,108
317,35,31,108
317,35,31,108
318,36,31,108
318,36,31,108
320,37,31,108
322,37,31,108
322,37,31,108
322,37,31,108
323,37,31,108
324,37,31,108
325,37,31,108
325,37,31,108
326,36,31,108
327,36,31,104
328,36,31,104
329,36,31,104
330,36,31,104
330,36,31,104
331,36,31,104
332,36,31,104
332,36,31,104
332,36,31,104
332,36,31,104
331,38,31,101
331,38,31,101
331,38,31,101
332,38,31,101
333,38,31,101
334,38,31,101
334,37,31,101
334,37,31,101
334,37,31,101
334,37,31,101
334,36,31,101
334,36,31,101
334,36,31,101
335,36,31,101
336,36,31,101
336,36,31,101
337,37,31,101
337,37,31,101
338,37,31,101
339,37,31,101
339,37,31,101
340,37,31,100
340,37,31,100
340,37,31,100
340,37,31,100
341,37,31,100
342,37,31,100
343,37,31,100
344,37,31,100
344,37,31,100
344,37,31,100
344,37,31,100
345,37,31,100
346,37,31,100
346,37,31,100
346,37,31,100
346,37,31,100
345,37,31,100
345,37,31,100
345,37,31,100
345,37,31,100
345,37,31,100
345,37,31,100
345,37,31,100
345,37,31,100
344,37,31,100
344,37,31,100
344,37,31,100
344,37,31,100
343,37,31,97
343,37,31,97
343,37,31,97
343,37,31,97
343,37,31,97
342,37,31,97
342,37,31,97
342,37,31,97
342,37,31,97
341,37,31,97
341,37,31,97
341,37,31,97
341,37,31,97
341,37,31,97
340,37,31,97
340,37,31,97
340,38,31,96
340,38,31,96
340,38,31,96
340,38,31,96
340,38,31,96
339,38,31,96
338,38,31,96
337,38,31,96
337,38,31,96
337,38,31,96
336,38,31,96
335,38,31,96
334,38,31,96
333,38,31,96
332,38,31,96
331,38,31,96
330,38,31,96
329,38,31,96
328,38,31,96
327,38,31,96
326,38,31,96
324,36,31,96
323,36,31,96
322,36,31,96
320,36,31,96
320,36,31,96
319,36,31,96
318,36,31,96
317,36,31,96
316,36,31,96
315,36,31,96
314,36,31,96
313,36,31,96
312,36,31,96
311,36,31,96
310,36,31,96
309,36,31,96
308,36,31,96
307,36,31,96
306,36,31,96
306,37,31,93
305,37,31,93
304,37,31,93
303,37,31,93
302,37,31,93
302,37,31,93
301,37,31,93
300,37,31,93
299,35,31,93
298,35,31,93
297,35,31,93
296,35,31,93
294,34,31,93
293,34,31,93
292,34,31,93
291,34,31,93
290,34,31,93
289,34,31,93
288,33,31,93
287,33,31,93
286,33,31,93
285,33,31,93
284,33,31,93
283,33,31,93
282,33,31,93
281,33,31,93
280,33,31,93
279,33,31,93
278,33,31,93
277,33,31,93
276,33,31,93
275,33,31,93
272,33,31,93
271,33,31,93
268,33,31,93
266,31,31,96
264,31,31,96
262,31,31,96
260,31,31,96
260,31,31,96
258,31,31,96
257,31,31,96
257,31,31,96
256,31,31,96
255,31,31,96
254,31,31,96
253,31,31,96
252,31,31,96
251,31,31,96
250,31,31,96
248,31,31,96
246,31,31,96
244,31,31,96
244,31,31,96
242,31,31,96
241,31,31,96
240,31,31,96
239,31,31,96
237,31,31,96
236,31,31,96
235,30,31,96
233,30,31,96
232,30,31,96
230,30,31,96
229,30,31,96
229,30,31,96
228,30,31,96
227,30,31,96
226,30,31,96
225,30,31,96
224,30,31,96
223,30,31,96
221,30,31,96
221,30,31,96
217,29,31,96
