994,347,21,80
993,350,23,80
992,350,22,81
989,350,24,75
990,349,22,80
991,350,22,81
989,350,21,79
988,350,21,80
985,352,23,79
985,352,25,80
987,350,21,80
986,349,22,81
984,352,21,81
984,352,21,80
983,351,21,81
983,350,22,81
980,351,21,81
977,352,26,80
974,354,28,80
977,352,26,80
975,353,26,81
973,355,25,79
974,354,22,79
974,355,25,81
973,357,24,82
974,358,23,81
970,359,24,80
969,358,26,80
969,359,23,80
969,357,24,81
967,358,24,81
965,360,24,78
964,358,26,80
963,358,26,80
962,358,26,80
962,358,26,80
961,357,27,82
959,357,27,82
956,359,25,79
955,356,25,80
953,358,26,81
955,357,23,79
950,359,26,80
949,358,28,74
951,358,24,78
949,357,26,79
945,358,27,79
943,359,28,80
945,361,23,79
943,361,25,75
943,361,25,78
940,363,24,79
937,361,28,81
936,362,26,80
938,362,23,80
937,362,22,80
935,362,24,80
936,364,21,79
931,364,24,77
928,362,25,80
927,361,27,81
924,361,30,81
925,361,29,82
924,361,25,80
923,362,24,78
922,361,26,80
920,362,27,80
920,361,26,80
918,361,27,80
919,360,23,81
917,360,23,79
916,359,23,79
915,360,24,81
914,360,24,81
913,360,24,81
912,361,24,81
911,361,24,81
908,362,24,81
904,362,28,81
905,362,23,80
901,361,27,82
901,364,23,79
898,363,27,81
900,365,22,80
899,368,21,81
895,369,25,81
893,369,26,74
892,371,23,78
890,368,23,73
889,371,24,80
890,370,25,80
887,370,23,82
887,370,19,75
883,367,24,79
884,371,21,77
882,371,22,78
879,372,24,80
877,367,23,81
878,369,21,79
877,366,21,80
876,370,22,80
877,371,21,78
874,368,22,75
870,368,24,80
868,369,23,78
868,368,22,81
868,368,24,81
866,368,22,78
865,368,23,78
862,368,26,81
861,368,23,83
856,368,27,81
855,368,24,81
855,370,24,77
856,373,21,79
849,374,25,80
853,374,20,79
845,376,24,80
846,373,21,80
844,373,24,82
843,376,21,78
842,380,23,81
842,382,24,79
839,375,24,76
838,372,23,81
835,371,27,80
838,369,22,79
836,369,21,82
835,369,21,82
834,370,21,82
832,370,21,81
829,370,21,81
827,371,22,81
826,371,23,82
822,369,24,86
822,372,25,81
817,371,29,83
816,373,28,82
811,373,30,84
807,374,37,81
804,374,35,82
800,377,42,77
800,376,37,77
799,377,39,78
799,379,36,77
799,378,36,80
794,375,39,79
794,379,41,75
794,379,42,76
795,378,35,79
797,381,32,72
795,378,38,77
793,377,38,79
794,376,36,84
792,376,32,81
791,379,33,81
788,377,35,84
785,375,34,84
790,376,26,83
785,375,28,85
785,377,23,79
785,375,23,84
783,378,24,82
780,376,26,82
777,376,24,86
775,376,25,81
774,378,27,80
769,377,30,81
769,375,30,79
767,376,32,82
762,379,41,79
764,376,36,81
763,381,37,79
757,377,44,81
758,376,40,82
759,379,40,79
759,377,38,78
753,377,46,79
758,379,41,79
757,380,40,77
755,374,38,80
754,380,38,73
751,378,39,74
752,380,32,72
749,374,36,75
750,376,30,73
751,376,27,67
749,374,26,73
747,374,24,72
748,372,20,70
744,374,22,63
742,371,26,78
741,371,26,78
739,371,26,78
738,371,26,78
737,371,26,78
735,372,22,80
732,375,25,82
729,377,28,80
729,374,26,80
725,375,32,80
725,378,29,81
725,376,28,82
725,380,25,79
722,380,28,80
720,380,29,80
721,379,28,77
718,380,26,80
716,378,23,78
713,378,27,82
714,378,23,82
713,378,23,81
709,377,27,80
709,379,22,80
705,377,25,80
706,381,23,80
704,378,26,78
702,378,25,79
703,376,22,80
702,374,23,81
698,375,26,80
698,373,24,80
698,374,23,79
695,376,23,82
693,376,25,80
688,376,26,80
693,376,24,82
691,376,24,81
690,376,24,80
688,378,24,80
687,376,23,79
685,376,23,79
685,378,23,79
683,376,22,81
680,377,26,81
678,379,24,78
674,376,25,81
672,377,26,80
670,378,26,79
670,376,25,80
670,377,22,80
668,378,25,80
665,377,24,80
667,377,22,79
662,378,27,79
663,378,22,79
662,377,22,82
663,377,21,79
661,378,22,79
660,377,20,80
659,377,23,80
658,379,23,81
654,375,22,80
653,378,23,82
653,380,22,82
653,376,22,79
650,375,26,80
648,378,22,81
648,379,21,81
646,380,23,80
646,379,22,80
643,382,24,81
644,383,20,80
642,383,20,80
639,380,24,81
638,383,24,81
637,381,22,81
632,383,24,80
632,383,23,80
631,383,22,80
630,383,20,81
628,382,23,81
627,381,19,81
624,382,22,81
624,381,22,82
622,383,24,80
621,382,23,81
618,383,25,80
618,379,22,80
617,382,22,81
617,381,21,81
614,379,24,81
613,382,26,81
612,379,23,81
609,381,23,79
609,378,23,80
608,380,24,80
604,379,25,80
604,380,24,80
604,379,23,81
602,381,22,79
601,381,20,79
600,384,21,81
599,382,21,81
598,383,20,79
597,383,21,80
591,383,24,79
590,381,22,79
590,385,20,78
588,385,23,78
585,384,23,80
580,383,25,79
574,383,30,81
574,382,28,81
577,383,24,79
576,381,23,82
575,381,25,83
575,382,22,80
572,383,24,79
573,381,22,83
571,380,24,83
571,381,23,79
567,381,24,85
567,381,24,78
565,380,24,86
561,381,27,85
561,376,26,89
559,379,24,87
554,380,30,86
548,379,35,85
545,381,36,82
541,380,44,83
535,382,46,82
535,382,42,83
534,383,45,79
535,382,52,80
534,385,47,75
535,383,46,77
534,382,50,78
533,380,51,78
531,384,50,82
534,381,43,81
530,383,48,81
532,379,47,81
532,384,45,78
532,384,45,78
531,384,44,77
529,382,42,79
528,380,40,83
528,379,38,81
525,381,37,81
525,379,32,81
523,378,33,82
522,377,34,87
523,376,29,87
521,379,25,83
524,378,22,85
521,379,25,85
517,375,30,88
512,379,30,85
509,378,38,84
503,378,42,83
502,378,43,85
496,378,46,85
498,376,46,85
497,376,46,85
496,377,45,84
495,377,48,88
494,377,52,84
496,378,42,81
495,375,44,86
495,376,43,82
496,377,40,80
493,375,48,86
492,375,46,86
491,375,46,86
489,374,46,86
488,374,46,85
487,374,40,85
486,374,40,84
485,374,39,83
484,373,35,84
486,371,29,87
485,371,29,87
484,371,29,86
483,370,29,87
482,371,29,86
481,371,29,86
480,371,29,86
472,371,36,87
469,374,40,81
467,371,46,85
464,372,45,82
461,373,48,82
457,375,51,81
458,377,49,78
452,377,52,78
452,377,52,78
452,377,52,78
452,377,52,78
452,377,52,78
452,377,52,78
452,377,52,78
452,377,52,78
452,377,52,78
452,377,52,78
452,377,46,75
452,377,47,78
452,377,42,77
452,377,40,82
452,377,38,80
452,377,32,80
452,377,31,79
452,377,29,78
449,378,27,80
445,377,30,80
447,378,23,79
442,375,25,84
442,375,25,84
442,375,25,84
438,376,25,84
437,375,25,84
434,376,25,84
435,374,25,84
423,375,37,83
420,375,40,78
418,375,49,83
414,375,53,82
411,375,56,84
408,374,53,84
417,378,42,79
417,380,50,79
418,378,45,81
418,380,49,79
414,375,47,84
415,379,45,80
410,378,48,81
407,376,45,81
408,378,41,81
410,377,39,79
408,378,38,78
406,379,37,77
406,377,37,80
406,379,36,79
403,375,34,81
403,375,28,81
399,375,26,81
400,378,29,82
397,375,25,80
396,376,24,82
392,376,26,81
392,376,26,77
392,376,27,83
392,376,26,81
387,375,29,82
388,378,25,82
386,376,29,81
386,380,28,80
382,379,32,80
381,378,31,80
379,378,34,77
378,381,32,77
378,381,32,77
374,380,37,78
372,380,37,78
371,381,37,78
369,381,37,78
368,382,34,77
366,381,35,77
365,382,26,75
362,382,25,77
362,382,25,78
359,381,26,79
359,382,24,80
358,384,25,78
355,382,27,77
356,380,24,78
354,381,23,79
351,380,25,80
351,380,26,77
349,380,26,80
348,381,23,79
348,382,22,80
345,380,26,76
343,381,26,79
343,382,25,78
341,383,26,80
342,383,23,77
337,384,27,78
335,383,25,78
333,384,25,76
332,385,24,76
331,386,24,77
329,385,27,79
327,387,25,76
325,385,28,79
326,386,27,76
322,385,26,79
320,384,27,76
319,384,25,78
318,385,25,78
316,385,25,79
316,386,23,78
313,385,26,79
311,384,25,78
312,385,23,75
310,386,26,76
308,384,23,75
310,385,22,79
306,383,26,80
304,382,25,78
303,384,23,78
304,384,22,76
299,384,25,79
301,384,24,77
299,388,23,77
298,385,24,79
293,386,27,78
294,388,25,77
294,388,22,77
292,390,24,78
288,388,27,77
288,392,22,77
285,390,24,79
285,390,24,78
281,389,27,79
281,391,26,76
276,390,25,77
279,389,24,78
272,389,28,78
274,390,23,80
275,390,23,79
270,391,24,77
270,389,24,77
268,389,27,76
268,391,22,76
264,389,25,78
265,391,22,77
261,388,24,78
262,390,24,77
260,387,24,77
259,387,23,79
255,389,28,76
255,388,25,77
255,391,24,78
252,391,23,76
251,392,23,76
251,394,23,77
250,393,23,76
248,394,22,76
244,392,25,78
243,393,24,77
242,395,27,79
238,393,27,78
240,393,23,77
235,396,25,78
232,393,27,78
235,394,21,79
233,394,22,76
230,394,23,77
226,394,25,79
225,392,26,77
226,393,22,79
225,392,24,78
220,392,26,79
216,391,29,79
220,391,23,75
220,391,19,77
216,391,25,76
214,390,24,76
215,389,21,77
211,391,25,77
211,392,23,76
208,390,24,78
208,393,23,78
207,392,25,78
205,392,24,77
204,391,25,78
202,394,24,77
201,393,27,80
199,394,24,76
197,395,28,76
195,396,29,77
196,395,24,79
192,396,26,75
191,397,24,79
188,397,27,77
188,397,25,76
187,397,25,78
185,397,25,77
184,397,25,77
183,397,25,77
181,397,25,78
180,397,25,77
179,398,26,76
176,397,25,77
177,397,21,75
174,396,25,76
172,395,24,72
172,396,25,77
169,395,25,75
168,396,24,78
167,395,25,74
166,395,24,75
164,395,26,75
165,396,23,74
161,397,25,77
159,398,26,77
156,400,29,76
151,401,32,76
144,401,36,74
144,402,34,71
145,401,32,73
144,402,31,72
142,402,29,74
142,403,26,75
143,400,25,75
142,402,29,76
138,400,29,78
142,397,24,81
138,397,26,78
140,404,25,76
140,401,25,77
139,399,21,80
139,402,24,75
139,398,18,80
133,398,30,80
134,400,20,83
135,400,23,76
133,400,22,81
131,398,21,82
129,398,28,83
126,397,30,84
125,396,28,87
125,396,28,87
125,396,28,87
122,399,31,84
117,395,36,88
111,401,42,82
111,397,42,86
105,400,48,83
102,400,51,83
105,400,48,83
101,401,52,82
106,406,45,76
105,405,48,78
99,406,54,77
97,403,56,80
100,403,53,80
100,403,49,78
100,403,49,78
100,403,49,78
100,409,44,72
100,399,41,82
94,400,46,81
95,405,41,76
93,404,41,77
90,401,40,83
87,402,41,81
88,400,37,83
87,400,34,84
86,400,32,83
84,402,31,81
83,403,30,81
81,403,29,80
79,401,29,82
78,402,31,79
77,403,32,78
76,403,37,80
75,403,35,76
74,403,38,76
68,402,43,78
67,405,44,75
65,404,44,76
64,405,44,76
62,405,44,75
61,405,44,76
61,401,44,77
61,402,44,81
60,405,43,76
58,402,44,76
57,401,45,77
56,403,43,75
54,403,33,76
53,402,27,79
50,403,27,78
48,403,26,82
50,403,22,79
48,400,26,80
44,401,26,80
43,400,27,80
43,399,27,80
43,400,24,81
39,399,28,80
37,400,29,81
35,401,29,79
33,400,26,80
34,400,30,79
32,398,30,79
30,398,33,79
30,400,30,81
27,400,34,81
28,403,30,74
24,402,33,80
25,403,30,76
23,404,33,80
20,406,35,78
19,405,32,79
18,402,31,82
15,405,31,81
