331,303,31,90
330,302,31,90
330,301,31,90
329,300,31,90
328,299,31,90
328,298,31,90
328,298,31,90
328,297,31,90
328,296,31,90
328,295,31,90
327,294,31,90
327,294,31,90
327,293,31,90
327,293,31,90
326,292,31,90
326,292,31,90
326,292,31,90
325,292,31,90
325,290,31,90
325,289,31,90
325,288,31,90
325,287,31,90
325,287,31,90
325,286,31,90
325,285,31,90
324,285,31,90
324,284,31,90
324,283,31,90
323,282,31,90
323,281,31,90
323,280,31,90
323,279,31,90
323,278,31,90
323,277,31,90
323,276,31,90
323,276,31,90
323,276,31,90
322,276,31,90
322,275,31,90
322,275,31,90
320,275,31,90
320,275,31,90
320,275,31,90
320,274,31,90
320,273,31,90
320,273,31,90
320,273,31,90
320,271,31,90
320,271,31,90
320,269,31,90
320,267,31,90
320,266,31,90
319,266,31,90
319,264,31,90
319,264,31,90
319,263,31,90
319,261,31,90
319,259,31,90
319,257,31,90
319,258,31,90
319,258,31,90
319,258,31,90
320,258,31,90
320,258,31,90
320,257,31,90
320,257,31,90
320,257,31,90
320,257,31,90
320,256,31,90
320,256,31,90
322,256,31,90
322,255,31,90
322,255,31,90
323,255,31,90
324,252,31,90
324,251,31,90
324,250,31,90
324,249,31,90
325,248,31,90
325,246,31,90
325,245,31,90
325,244,31,90
325,244,31,90
326,244,31,90
326,243,31,90
326,243,31,90
327,243,31,90
327,243,31,90
327,242,31,90
327,242,31,90
328,242,31,90
327,241,31,90
328,240,31,90
328,239,31,90
328,239,31,90
328,237,31,90
329,236,31,90
329,235,31,90
329,234,31,90
329,233,31,90
329,232,31,90
329,231,31,90
329,230,31,90
329,229,31,90
330,228,31,90
330,227,31,90
331,228,31,87
331,228,31,87
331,228,31,87
332,227,31,87
332,227,31,87
332,227,31,87
333,226,31,87
333,226,31,87
333,225,31,87
333,225,31,87
333,225,31,87
335,224,31,87
336,223,31,87
336,223,31,87
337,222,31,87
337,222,31,87
337,220,31,87
337,219,31,87
338,219,31,87
339,217,31,87
339,217,31,87
339,215,31,87
340,214,31,87
340,214,31,87
340,214,31,85
341,213,31,85
341,213,31,85
342,213,31,85
343,213,31,85
343,213,31,85
343,213,31,85
344,211,31,85
344,211,31,85
344,211,31,85
345,210,31,85
345,209,31,85
346,209,31,85
346,209,31,85
346,207,31,85
348,207,31,85
349,206,31,85
349,206,31,85
349,204,31,85
349,202,31,85
350,202,31,85
351,201,31,85
351,201,31,85
351,200,31,85
352,199,31,85
352,198,31,85
352,198,31,85
353,198,31,85
354,198,31,85
354,198,31,85
355,198,31,85
355,198,31,85
356,198,31,85
356,198,31,85
357,197,31,85
358,197,31,85
359,196,31,85
360,196,31,85
360,196,31,85
360,195,31,85
360,194,31,85
362,194,31,85
363,193,31,85
364,193,31,85
365,191,31,85
366,191,31,85
366,190,31,85
367,189,31,85
368,187,31,85
369,187,31,83
369,187,31,83
370,187,31,83
370,187,31,83
371,187,31,83
371,187,31,83
374,185,31,83
374,185,31,83
374,185,31,83
375,185,31,83
375,184,31,83
377,184,31,83
377,184,31,83
378,182,31,83
378,182,31,83
379,181,31,83
379,181,31,83
380,179,31,83
380,179,31,83
381,178,31,83
381,177,31,83
383,176,31,83
384,175,31,83
384,175,31,81
385,174,31,81
386,174,31,81
386,174,31,81
387,174,31,81
387,174,31,81
387,174,31,81
387,173,31,81
388,173,31,81
389,172,31,81
390,172,31,81
391,172,31,81
393,172,31,81
393,172,31,81
394,172,31,81
394,171,31,81
395,170,31,81
396,170,31,81
396,170,31,81
396,169,31,81
397,169,31,77
400,169,31,77
401,169,31,77
401,168,31,77
402,168,31,77
402,168,31,77
403,167,31,77
403,167,31,77
404,167,31,77
405,167,31,77
406,167,31,77
406,166,31,77
407,166,31,77
407,166,31,77
407,166,31,77
408,165,31,77
408,166,31,77
409,166,31,77
410,166,31,77
410,165,31,77
411,165,31,77
412,165,31,77
414,159,29,77
414,159,29,77
415,159,29,77
416,159,29,77
416,157,29,77
417,157,29,77
418,157,29,77
418,157,29,77
419,156,29,77
420,156,29,77
420,156,29,77
421,156,29,77
422,155,29,77
423,155,29,77
425,155,29,77
425,155,29,77
425,155,29,77
426,154,29,77
427,153,29,77
428,153,29,77
429,152,29,77
429,152,29,77
430,152,29,77
431,152,29,77
432,151,29,77
433,150,29,77
434,150,29,77
435,149,29,77
435,149,29,77
435,148,29,77
436,147,29,77
437,147,29,77
437,147,29,77
437,147,29,77
438,146,29,77
438,146,29,77
439,146,29,77
439,146,29,77
440,145,29,77
441,145,29,77
442,145,29,77
443,145,29,77
444,145,29,77
445,145,29,77
444,144,29,77
445,144,29,77
445,144,29,75
446,144,29,75
447,144,29,75
447,143,29,75
448,142,29,75
449,142,29,75
449,142,29,75
449,141,29,75
449,140,29,75
454,139,26,73
454,139,26,73
455,139,26,73
455,139,26,73
455,138,26,73
456,138,26,73
457,138,26,73
458,138,26,73
459,138,26,73
459,137,26,73
460,137,26,73
460,137,26,73
461,135,26,73
462,135,26,73
463,135,25,73
463,132,25,73
464,132,25,73
465,132,25,73
466,132,25,73
466,132,25,73
467,132,25,73
467,132,25,73
468,132,25,73
468,130,25,73
469,127,25,73
470,126,25,73
471,126,25,73
472,126,25,73
472,126,25,73
472,126,25,73
472,126,25,73
471,126,25,73
472,126,25,73
472,125,25,73
473,125,25,73
473,125,25,73
473,125,25,73
474,125,25,73
474,125,25,73
474,125,25,73
475,123,25,73
475,123,25,73
478,123,25,73
478,123,25,73
478,122,25,73
479,121,25,73
479,121,25,73
479,120,25,73
480,119,25,71
481,119,25,71
481,119,25,71
481,118,25,71
481,118,25,71
481,118,25,71
482,118,25,71
483,118,25,71
484,118,25,71
485,118,25,71
486,117,25,71
486,116,25,71
487,116,25,71
487,115,23,71
488,115,23,71
489,115,23,71
489,115,23,71
490,115,23,71
490,113,23,71
490,112,23,71
491,111,23,71
492,111,23,71
492,111,23,71
492,110,23,71
492,110,23,71
493,110,23,71
493,110,23,71
494,110,23,71
495,110,23,71
495,109,23,71
496,109,23,71
496,109,23,71
496,109,23,71
496,109,23,71
496,107,23,71
496,107,23,71
496,107,23,71
497,107,23,71
498,107,23,71
499,106,23,71
499,106,23,71
500,106,23,71
500,106,23,71
500,106,23,71
500,104,23,71
500,104,23,71
500,102,23,71
500,101,23,71
500,100,23,71
501,100,23,71
503,101,23,71
503,100,23,71
504,100,23,71
505,100,23,71
505,99,23,71
506,99,23,71
506,99,23,71
506,99,23,71
506,99,23,71
507,99,23,71
507,99,23,71
507,99,23,71
507,99,23,71
508,98,23,71
509,97,23,71
509,97,23,71
510,96,23,71
510,96,23,69
510,96,23,69
511,95,23,69
511,94,23,69
512,94,23,69
511,93,23,69
512,93,23,69
512,92,23,69
513,92,23,69
514,92,23,69
514,92,23,69
514,92,23,69
514,92,23,69
514,91,23,69
514,92,23,69
515,92,23,69
515,92,23,69
515,91,23,69
515,91,23,69
515,91,23,69
515,91,23,69
516,91,23,69
516,91,23,69
516,91,23,69
516,91,23,69
516,89,23,69
516,89,23,69
516,88,23,69
517,88,23,66
517,87,23,66
517,87,23,66
517,86,23,66
517,85,23,66
518,85,23,66
518,85,23,66
518,84,23,66
518,84,23,66
519,84,23,66
519,84,23,66
519,84,23,66
519,84,23,66
519,83,23,66
520,83,23,66
520,83,23,66
521,81,23,66
521,83,23,66
522,81,23,66
522,81,23,66
522,81,23,66
523,81,23,66
523,81,23,66
525,81,21,66
525,81,21,66
525,80,21,66
525,80,21,66
525,78,21,66
525,78,21,66
526,78,21,66
526,78,21,66
526,78,21,66
526,78,21,66
527,78,21,66
527,78,21,66
527,77,21,66
529,77,21,66
527,77,22,66
527,77,22,66
527,77,22,66
527,77,22,66
529,77,22,66
529,77,22,66
529,77,22,66
529,76,22,66
529,76,22,66
529,76,22,66
529,74,22,66
529,74,22,66
530,74,22,66
531,74,22,66
531,74,22,66
531,72,22,66
531,72,22,66
532,72,22,66
532,71,22,66
532,71,22,66
533,71,22,66
533,70,22,66
533,70,22,66
534,70,22,66
534,69,22,66
534,69,22,66
534,69,22,66
534,69,22,66
535,69,22,66
535,69,22,66
536,69,22,66
536,69,22,66
537,69,22,66
537,68,22,66
537,68,22,66
537,67,22,66
538,67,22,66
538,67,22,66
539,66,22,66
539,66,22,64
539,66,22,64
539,66,22,64
539,66,22,64
539,65,22,64
540,65,22,64
540,64,22,64
540,64,22,64
540,64,22,64
541,64,22,64
542,64,22,64
541,64,22,64
542,64,22,64
542,64,22,64
542,64,22,64
543,64,22,64
543,64,22,64
543,64,22,64
543,64,22,64
543,63,22,64
543,63,22,64
543,63,22,64
544,63,22,64
544,62,22,64
544,61,22,64
544,61,22,64
544,61,22,64
544,61,22,64
544,61,22,64
544,60,22,64
544,60,22,62
545,60,22,62
545,60,22,62
545,60,22,62
545,60,22,62
546,60,22,62
546,60,22,62
546,60,22,62
546,59,22,62
546,59,22,62
547,59,22,62
547,59,22,62
547,59,22,62
547,59,22,62
548,59,22,62
548,59,22,62
548,59,22,62
548,59,22,62
548,59,22,62
549,59,22,62
549,59,22,62
549,59,22,62
550,59,22,62
550,59,22,62
550,59,22,62
551,59,22,62
551,59,22,62
551,59,22,62
551,58,22,62
551,58,22,62
551,58,22,62
551,58,22,62
551,58,22,62
552,58,22,62
552,58,22,62
552,57,22,62
552,57,22,62
552,57,22,62
552,57,22,62
552,57,22,62
552,57,22,62
552,57,22,62
552,57,22,62
552,57,22,62
554,57,22,62
555,57,22,62
555,57,22,62
555,57,22,62
555,57,22,62
555,57,22,62
555,57,22,62
555,57,22,62
555,57,22,62
555,57,22,62
555,57,22,62
555,57,22,62
555,57,22,62
555,57,22,62
555,57,22,62
555,57,22,62
555,58,22,62
555,58,22,62
555,58,22,62
555,58,22,62
555,58,22,62
555,58,22,62
555,58,22,62
555,58,22,62
555,59,22,62
555,59,22,62
555,59,22,62
555,59,22,62
555,59,22,62
555,59,22,62
555,59,22,62
555,59,22,62
554,59,22,62
554,59,22,62
554,59,22,62
554,59,22,62
554,59,22,62
554,59,22,62
554,59,22,62
552,60,22,62
552,60,22,62
551,61,22,62
551,61,22,62
551,61,22,62
551,61,22,62
551,62,22,62
551,62,22,62
550,63,22,62
550,63,22,62
550,63,22,62
550,63,22,62
550,63,22,62
549,63,22,62
548,63,22,62
547,63,22,62
547,63,22,62
546,63,22,62
546,63,22,62
545,63,22,62
545,63,22,62
545,63,22,62
545,64,22,62
544,64,22,62
543,64,22,62
543,64,22,62
543,64,22,62
543,65,22,62
543,66,22,62
542,67,22,62
541,67,22,62
541,67,22,62
540,68,22,62
540,68,22,62
540,69,22,62
540,69,22,62
540,70,22,62
540,70,22,62
539,71,22,62
539,71,22,62
539,71,22,62
538,71,22,62
538,71,22,62
538,71,22,62
537,71,22,62
537,71,22,62
537,71,22,62
536,71,22,62
536,71,22,62
536,71,22,62
536,71,22,62
535,72,22,62
535,72,22,62
535,72,22,62
534,72,22,62
534,73,22,62
533,73,22,62
533,73,22,62
533,74,22,62
533,75,22,62
532,75,22,62
532,76,22,62
532,76,22,62
531,76,22,62
531,76,22,62
531,76,22,62
531,76,22,62
530,77,22,62
530,77,22,62
530,77,22,62
530,77,22,62
530,77,22,62
529,77,22,62
527,77,22,62
527,77,22,62
526,77,22,62
526,77,22,62
526,78,22,62
526,78,22,62
525,79,22,62
525,79,22,62
525,79,22,62
525,79,22,64
524,80,22,64
524,81,22,64
524,81,22,64
524,83,22,64
524,84,22,64
524,84,22,64
524,85,22,64
524,85,22,64
523,85,22,64
523,85,22,64
523,85,22,64
523,85,22,64
522,85,22,64
522,85,22,64
521,85,22,64
521,85,22,64
521,85,22,64
521,85,22,64
521,85,22,64
520,86,22,64
520,86,22,64
520,86,22,64
520,86,22,64
520,86,22,64
520,86,22,64
520,86,22,64
519,87,22,64
518,88,22,64
518,88,22,64
518,88,22,64
518,88,22,64
518,88,22,64
518,89,22,64
517,90,22,64
517,90,22,64
517,91,22,64
516,91,22,64
515,91,22,64
514,92,22,64
514,92,22,64
514,92,22,64
515,93,22,64
514,93,22,64
514,93,22,64
514,94,22,64
514,94,22,64
514,94,22,64
513,94,22,64
512,94,22,64
512,94,22,64
512,94,22,64
511,95,22,64
511,95,22,64
511,95,22,64
511,96,22,64
511,97,22,64
511,98,22,64
511,99,22,64
511,99,22,64
511,99,22,64
510,99,22,64
510,99,22,64
509,98,22,64
509,98,22,64
508,98,22,64
508,98,22,64
508,98,22,64
508,98,22,64
507,98,22,64
507,98,22,64
507,98,22,64
507,98,23,64
506,98,23,64
506,98,23,64
506,99,23,64
505,99,23,67
504,99,23,67
504,99,23,67
504,99,23,67
504,101,23,67
503,101,23,67
503,102,23,67
503,103,23,67
501,103,23,67
501,104,23,67
501,104,23,67
500,104,23,67
500,105,23,67
500,105,23,67
499,105,23,67
499,105,23,67
499,106,23,67
498,106,23,67
498,107,23,67
498,107,23,67
497,107,23,67
496,107,23,67
496,107,23,67
496,107,23,67
496,107,23,67
496,109,23,67
496,109,23,67
496,110,23,67
496,110,23,67
495,110,23,67
495,110,23,67
495,111,23,67
494,111,23,67
494,111,23,67
494,112,23,67
494,113,23,67
494,113,23,67
493,114,23,67
493,114,23,67
493,114,23,67
492,114,23,67
492,114,23,67
492,114,23,67
492,114,23,67
492,114,23,67
491,114,23,67
491,114,23,67
490,114,23,67
490,114,23,67
490,114,23,67
490,114,23,67
490,114,23,67
490,115,23,67
490,116,23,67
489,116,23,67
489,117,23,67
489,118,23,67
488,118,23,67
488,119,23,67
487,120,23,67
486,122,23,67
486,122,23,67
486,122,23,67
485,122,23,67
484,122,23,67
484,122,23,67
484,122,23,67
484,122,23,67
484,122,23,67
483,122,23,67
483,122,23,67
482,122,23,67
482,122,23,67
482,123,23,67
481,124,23,67
480,124,23,67
480,124,23,67
479,124,23,67
479,124,23,67
479,124,23,67
479,125,23,67
479,125,23,70
479,125,23,70
478,125,23,70
478,125,23,70
478,125,23,70
477,125,23,70
477,125,23,70
477,127,23,70
475,127,23,70
475,128,23,70
474,128,23,70
474,129,23,70
474,129,23,70
473,129,23,70
473,129,23,70
473,129,23,70
472,129,23,70
472,129,23,70
472,129,23,70
472,129,23,70
471,129,23,70
471,129,23,70
471,129,23,70
470,129,23,70
470,129,23,70
470,129,23,70
469,132,23,70
469,132,23,70
468,132,23,70
468,133,23,70
468,135,23,70
468,136,23,70
468,136,23,70
467,136,23,70
467,136,23,70
467,136,23,70
466,136,23,70
466,136,23,70
466,136,23,70
466,137,23,70
465,137,23,70
464,138,23,70
464,138,23,70
464,138,23,70
463,138,23,70
463,138,23,70
463,138,23,70
463,140,23,70
463,140,23,70
463,140,23,70
463,140,23,70
462,141,23,70
462,141,23,70
462,141,23,72
462,141,23,72
461,141,23,72
460,141,26,72
460,142,26,72
459,142,26,72
459,143,26,72
458,143,26,72
457,144,26,72
457,144,26,72
457,144,26,72
457,144,26,72
457,144,26,72
457,144,26,72
457,145,26,72
457,145,26,72
457,145,26,72
457,146,26,72
457,146,26,72
457,146,26,72
456,148,26,72
456,148,26,72
456,148,26,72
456,148,26,72
456,148,26,72
456,149,26,72
456,149,26,72
455,150,26,72
455,150,26,72
455,150,26,72
454,151,26,72
454,151,26,72
454,151,26,72
453,152,26,72
453,152,26,72
453,152,26,72
453,154,26,72
453,154,26,72
453,154,26,72
453,154,26,72
453,154,26,72
452,154,26,75
452,154,26,75
451,154,26,75
451,154,26,75
451,154,26,75
451,154,26,75
449,154,26,75
448,154,27,75
448,154,27,75
448,155,27,75
447,156,27,75
447,156,27,75
447,157,27,75
447,158,27,75
447,158,27,75
447,158,27,75
446,158,27,75
446,159,27,75
446,161,27,75
446,162,27,75
446,163,27,75
446,163,27,75
445,163,27,75
445,164,27,75
445,164,27,75
445,164,27,75
445,164,27,75
444,164,27,75
444,165,27,75
444,166,27,75
443,166,27,75
443,166,27,75
443,166,27,75
443,166,27,75
442,167,27,75
442,167,27,75
442,167,27,75
442,167,27,75
442,167,27,75
441,167,27,75
441,168,27,75
441,168,27,75
440,169,27,75
440,170,27,75
440,170,27,75
439,170,27,75
439,170,27,75
439,170,27,75
438,171,27,75
438,171,27,75
437,171,27,75
437,171,27,75
437,171,27,75
436,173,27,75
435,174,27,75
434,175,27,75
433,176,27,75
433,176,27,75
432,177,27,75
432,177,27,75
432,177,27,75
432,177,27,75
432,177,27,75
431,177,27,75
431,177,27,75
430,177,27,75
430,177,27,75
430,177,27,75
430,177,27,75
430,179,27,75
430,180,27,75
430,180,27,75
430,181,27,75
429,181,27,75
428,181,27,75
427,181,27,75
427,182,27,75
427,183,27,75
426,183,27,75
425,184,27,75
425,184,27,75
425,185,27,75
425,185,27,75
425,185,27,75
422,187,27,75
422,187,27,75
422,187,27,75
422,187,27,75
421,187,27,75
421,187,27,75
420,187,27,75
420,187,27,75
420,187,27,75
420,188,27,75
419,188,27,75
419,188,27,75
419,189,27,75
419,190,27,75
418,190,27,75
418,191,27,75
418,191,27,75
417,192,27,75
416,192,27,75
415,193,27,75
415,194,27,75
415,194,27,75
414,194,27,75
413,194,27,75
412,194,27,75
412,195,27,75
411,195,27,75
411,195,27,75
410,195,27,75
410,195,27,75
410,195,27,75
409,195,27,77
409,195,27,77
409,195,27,77
408,195,27,77
408,195,27,77
408,195,27,77
407,195,27,77
407,195,27,80
407,197,27,80
406,197,27,80
406,197,27,80
406,198,27,80
406,199,27,80
406,200,27,80
406,201,27,80
406,202,27,80
405,202,27,80
405,203,27,80
405,204,27,80
405,204,27,80
405,204,27,80
405,204,27,80
404,204,27,80
404,204,27,80
404,204,27,80
404,204,27,80
404,204,27,80
403,205,27,80
403,205,27,80
402,205,27,80
402,205,27,80
402,205,27,80
401,205,27,80
401,205,27,80
401,205,27,80
400,207,27,80
400,207,27,80
400,207,27,80
400,208,27,82
399,209,27,82
399,209,27,82
399,209,27,82
399,209,27,82
399,209,27,82
399,209,27,82
399,210,27,82
399,211,27,82
399,213,27,82
399,214,27,82
399,214,27,82
399,215,27,82
399,215,27,82
399,215,27,82
399,215,27,82
399,215,27,82
397,215,27,82
397,215,27,82
397,215,27,82
397,215,27,82
397,215,27,82
397,216,27,82
397,216,27,82
397,216,27,82
397,216,27,82
397,217,27,82
397,217,27,82
397,217,27,82
397,218,27,82
397,220,27,85
397,220,27,85
397,222,27,85
397,223,27,85
397,223,27,85
397,223,27,85
397,223,27,85
397,223,27,85
397,223,27,85
397,223,27,85
397,223,27,85
397,223,27,85
399,225,27,85
399,225,27,85
399,225,27,85
399,225,27,85
397,226,27,85
397,226,27,85
397,226,27,85
397,228,27,85
397,228,27,85
397,228,27,85
397,230,27,85
397,230,27,85
397,230,27,85
397,230,27,85
397,232,27,86
397,232,27,86
396,233,27,86
396,233,27,86
396,234,27,86
395,235,27,86
395,235,27,86
395,236,27,86
394,237,27,86
394,237,27,86
394,239,27,86
394,239,27,86
394,239,27,86
393,239,27,86
393,239,27,86
393,239,27,86
392,239,27,86
392,239,27,86
392,239,27,86
392,239,27,86
391,240,27,86
391,240,27,86
391,241,27,86
391,241,27,86
391,243,27,86
390,243,27,86
390,245,27,86
389,245,27,86
389,247,27,86
389,248,27,86
388,248,27,86
387,248,27,86
386,248,27,86
386,248,27,86
386,248,27,86
386,248,27,86
386,248,27,86
386,248,27,86
386,250,27,86
385,250,27,86
384,250,27,86
384,252,27,86
383,252,27,86
383,253,27,86
383,254,27,86
382,254,27,86
382,254,27,86
382,254,27,86
382,254,27,86
382,254,27,86
382,254,27,86
381,254,27,86
381,254,27,86
381,254,27,86
380,255,27,86
380,257,27,86
379,258,27,86
378,259,27,86
378,260,27,86
378,261,27,86
378,261,27,88
377,261,27,88
376,261,27,88
375,261,27,88
374,261,27,88
374,261,27,88
374,263,27,88
374,263,27,88
372,263,27,88
371,263,27,88
371,264,27,88
371,264,27,88
371,264,27,88
370,264,27,88
369,264,27,88
369,264,27,88
369,267,27,88
369,267,27,88
368,267,27,88
367,267,27,88
367,269,27,88
367,270,27,88
367,270,27,88
367,271,27,88
367,272,27,88
365,272,27,88
364,272,27,88
364,273,27,88
364,273,27,88
363,274,27,88
363,274,27,88
363,274,27,88
362,274,27,88
362,274,27,88
362,274,27,88
362,274,27,88
362,276,27,88
362,276,27,88
360,276,27,88
360,277,27,88
359,277,27,88
359,277,27,88
358,277,27,88
357,277,27,88
356,277,27,88
356,278,27,88
356,279,27,88
356,280,27,88
356,281,27,88
356,282,27,88
355,282,27,88
354,283,27,88
354,283,27,88
354,283,27,88
354,285,27,88
353,285,27,88
353,285,27,88
351,286,27,88
350,287,27,88
349,287,27,88
349,287,27,88
349,287,27,88
348,287,27,88
346,287,27,88
348,287,27,88
348,287,27,88
346,287,27,88
345,287,27,88
344,289,27,88
344,289,27,88
344,290,27,88
343,290,27,88
343,292,27,88
343,292,27,88
343,293,27,88
342,293,27,88
342,293,27,88
342,295,27,88
341,295,27,88
340,296,27,88
340,297,27,88
339,297,27,88
339,297,27,88
339,297,27,88
339,297,27,88
338,297,27,88
338,299,27,88
338,300,27,88
337,301,27,88
337,301,27,90
337,302,27,90
336,302,27,90
336,302,27,90
335,302,27,90
334,302,27,90
333,302,27,90
333,302,27,90
333,303,27,90
332,305,27,90
332,305,27,90
332,305,27,90
332,305,27,90
332,305,27,90
332,305,27,90
331,307,27,90
331,308,27,90
330,308,29,90
330,310,29,90
329,310,29,90
329,310,29,90
328,310,29,90
328,310,29,90
328,310,29,90
328,313,29,90
327,315,29,90
326,316,29,90
325,316,29,90
324,318,29,90
324,319,29,90
323,319,29,90
323,319,29,90
322,319,29,90
320,319,29,90
319,319,29,90
319,320,29,90
319,320,29,90
319,321,29,90
319,322,29,90
319,322,29,90
319,322,29,90
319,322,29,90
319,322,29,90
319,323,29,90
319,323,29,90
319,323,29,90
319,323,29,90
318,323,29,90
318,324,29,90
317,324,29,90
317,325,29,90
317,326,29,90
317,327,29,90
316,327,29,90
316,328,29,90
316,329,29,90
316,330,29,90
316,330,29,90
316,330,29,90
316,330,29,90
316,330,29,90
315,331,29,90
315,331,29,90
315,331,29,90
315,331,29,90
314,331,29,90
314,331,29,90
314,333,29,90
314,333,29,90
314,333,29,90
314,333,29,90
313,335,29,90
313,335,29,90
313,335,29,90
313,335,29,90
312,337,29,90
312,337,29,90
312,337,29,90
312,337,29,90
311,339,29,90
311,339,29,90
311,339,29,90
310,341,29,90
310,341,29,90
310,341,29,90
308,345,29,90
307,345,29,90
305,345,33,90
305,346,33,90
303,347,33,90
303,348,33,90
303,348,33,90
303,348,33,90
303,348,33,90
302,348,33,90
301,348,33,90
300,348,33,90
300,350,33,90
300,351,33,90
300,352,33,90
300,352,33,90
299,353,33,90
298,353,33,90
297,353,33,90
297,355,33,90
297,356,33,90
297,356,33,90
297,356,33,90
297,357,33,90
297,358,33,90
297,359,33,90
297,360,33,90
297,361,33,90
297,362,33,90
296,362,33,90
296,363,33,90
294,363,33,90
294,364,33,90
293,364,33,90
292,365,33,90
292,365,33,90
291,365,33,90
290,365,33,90
290,367,33,90
290,367,33,90
289,368,33,90
289,370,33,90
289,370,33,90
288,371,33,90
