274,46,48,112
274,46,48,112
273,45,49,113
273,44,49,114
273,45,48,113
273,45,49,113
273,45,49,114
272,45,49,114
272,45,49,114
272,45,49,114
273,45,48,113
273,45,48,112
274,46,47,112
273,45,48,113
273,46,48,113
274,46,48,112
273,46,47,112
273,46,47,111
273,46,47,111
274,47,47,111
274,47,47,111
274,46,48,112
274,46,48,113
275,47,48,112
275,47,47,111
275,47,48,112
276,48,47,111
276,49,47,111
277,49,47,111
278,50,47,110
278,50,47,110
279,51,46,109
280,51,45,107
281,52,45,107
282,52,45,107
282,52,46,108
282,51,46,109
281,51,45,108
281,51,45,108
282,51,45,108
283,51,45,108
283,51,45,109
283,51,45,108
283,51,45,108
283,52,45,108
283,51,45,109
284,53,45,108
284,54,45,107
285,54,45,107
285,55,44,106
285,55,44,106
285,55,44,106
285,54,47,110
286,54,47,110
285,54,47,110
286,53,47,111
286,53,48,112
286,52,48,112
286,52,48,113
286,52,48,112
290,54,42,111
290,55,42,111
291,56,42,111
292,57,42,110
292,57,42,110
294,59,41,109
294,60,41,108
295,60,41,108
296,59,42,110
297,60,41,109
298,60,41,108
299,60,41,109
299,59,42,110
300,58,42,110
301,58,42,110
302,58,42,111
303,58,42,111
303,58,42,111
303,59,42,111
305,60,41,109
306,62,41,108
307,63,41,107
308,64,41,107
310,65,41,110
310,64,43,110
311,64,43,110
312,65,43,110
313,64,43,110
315,64,44,111
315,63,44,113
315,63,44,113
316,63,44,112
316,63,44,112
317,63,44,111
318,65,44,111
320,66,43,110
320,66,43,110
322,67,47,110
323,69,46,108
325,67,47,110
327,67,47,111
329,68,47,111
329,68,47,109
331,68,43,110
332,67,43,110
334,67,43,111
335,66,44,111
336,66,43,111
336,65,43,111
338,68,43,111
339,69,43,111
340,69,43,111
342,71,42,109
344,73,41,107
344,72,42,109
345,73,42,108
347,73,42,108
348,74,42,108
349,74,42,109
351,75,42,109
350,74,42,109
352,71,42,114
353,70,42,115
354,69,43,116
354,69,43,116
355,70,42,115
356,70,43,116
357,71,42,114
359,71,44,114
360,71,44,115
362,72,44,115
362,73,44,114
363,73,44,115
365,75,43,112
368,75,43,112
370,75,43,112
372,75,43,112
374,74,43,112
375,75,43,112
375,75,43,111
376,75,43,111
377,74,43,110
379,75,43,111
380,74,43,110
380,75,43,110
382,75,42,111
383,77,41,109
385,78,41,108
387,77,42,112
388,80,42,111
388,80,42,111
389,80,42,111
391,81,42,111
393,81,42,112
394,80,43,112
395,80,42,112
395,80,42,112
396,79,42,113
396,79,42,113
397,79,43,113
398,78,46,114
399,78,46,114
399,78,46,114
401,78,46,115
403,78,47,116
403,78,47,117
405,79,47,116
406,80,49,119
406,83,50,115
407,83,50,115
408,83,50,115
410,84,50,115
411,84,50,114
412,84,50,115
412,84,49,114
413,84,49,113
413,84,49,113
413,84,48,112
413,84,48,112
413,83,48,112
413,83,48,111
413,84,48,111
413,85,48,111
413,86,47,112
413,81,43,117
414,82,43,119
412,80,45,120
411,84,45,117
411,86,45,113
410,86,45,114
411,84,44,116
410,85,45,117
409,85,46,118
411,85,44,114
410,84,43,114
409,83,45,117
410,83,42,119
409,84,42,119
410,82,43,119
407,84,43,119
407,83,45,120
407,83,43,120
407,84,43,119
408,84,42,115
408,84,42,115
408,85,42,115
407,84,42,115
408,84,42,116
408,84,43,117
407,84,43,117
408,84,43,117
408,84,43,117
408,84,43,117
408,83,43,117
408,84,43,116
408,83,43,117
409,84,42,116
409,85,43,117
409,85,43,117
409,84,43,117
409,84,43,117
410,84,44,118
413,85,42,122
414,85,42,121
414,86,42,121
415,86,42,121
415,86,42,122
417,87,42,122
417,87,41,120
417,87,42,121
418,87,41,120
420,89,41,119
420,87,41,120
421,88,41,120
421,88,41,120
422,88,42,121
423,88,41,120
423,88,41,120
423,88,41,120
424,88,41,120
423,88,41,120
423,88,41,119
424,88,41,120
423,88,41,120
423,88,41,120
423,88,41,120
423,88,41,120
423,88,41,120
423,88,42,121
423,89,41,120
423,88,41,120
423,89,41,120
421,86,42,122
420,89,42,119
420,92,44,116
419,89,45,119
419,89,44,121
417,90,46,120
417,92,46,117
417,91,46,119
416,92,46,119
416,92,46,120
415,92,46,120
413,92,50,120
413,93,51,118
412,93,51,120
411,92,54,123
409,92,54,123
408,92,54,123
408,92,54,124
407,92,54,123
407,92,54,123
407,92,54,123
406,92,54,122
405,92,54,123
404,93,49,120
404,94,48,119
404,94,48,118
402,94,48,119
401,94,48,118
400,94,48,118
399,95,49,119
398,94,49,119
397,94,49,119
395,94,49,120
393,95,49,120
391,94,49,121
390,95,49,121
390,95,50,120
389,95,50,120
388,95,50,121
386,95,50,121
385,94,51,122
381,94,51,121
382,93,55,120
381,93,52,120
379,94,47,117
378,96,49,117
378,94,49,120
376,94,50,118
377,96,50,117
374,96,50,119
375,95,49,120
374,97,50,115
373,95,51,122
372,94,51,121
373,95,49,119
372,95,48,121
370,96,53,118
370,95,50,121
370,96,49,121
368,96,51,121
368,95,53,123
369,95,51,123
367,93,52,124
366,93,56,127
365,93,51,125
366,95,50,120
366,95,50,120
368,95,47,119
367,95,51,122
365,95,50,120
365,94,49,122
363,95,49,122
363,95,50,119
363,94,49,124
360,95,50,121
360,95,50,123
359,94,49,123
358,97,48,121
359,97,49,121
357,97,48,120
357,97,48,121
355,98,50,120
352,98,51,121
349,98,54,120
349,98,52,121
348,99,54,120
346,98,53,121
345,97,53,124
342,97,56,123
342,97,53,121
342,97,51,120
340,98,50,119
340,98,47,121
338,97,47,121
338,97,47,122
337,97,48,121
335,98,50,118
336,97,48,120
334,97,49,121
333,97,48,123
332,98,48,120
330,99,49,121
332,98,47,119
329,100,47,119
329,100,48,123
327,100,48,123
327,98,45,121
324,99,49,121
325,99,48,120
324,99,46,121
323,98,46,123
322,98,47,122
320,98,47,121
319,97,50,122
320,98,46,122
318,98,46,122
317,98,47,122
317,99,45,121
316,100,45,120
315,100,44,121
315,101,42,119
313,101,46,120
313,102,43,119
311,103,45,118
310,103,46,118
309,103,44,119
309,103,44,120
307,103,46,118
305,103,49,121
303,102,49,120
303,101,47,122
303,101,49,124
302,102,48,121
302,101,47,120
301,101,49,121
301,102,48,121
299,101,49,122
298,101,47,123
298,101,48,122
296,102,49,119
297,103,47,121
296,103,47,121
295,104,47,120
294,104,49,121
295,104,49,122
294,104,49,124
293,104,49,122
293,104,48,121
291,103,49,122
290,104,47,124
291,102,48,124
289,104,50,121
288,102,48,123
288,103,47,124
285,102,48,125
286,102,48,126
286,102,47,125
285,103,48,125
284,102,47,125
283,102,47,125
281,105,47,125
280,105,47,121
278,105,50,123
277,104,50,125
275,105,49,127
274,105,51,127
272,104,52,128
272,103,50,130
271,102,52,133
271,102,51,129
270,102,54,130
269,102,52,130
268,101,52,129
266,101,55,133
265,101,57,131
265,101,57,131
264,104,57,131
264,103,54,130
263,103,54,129
263,104,54,128
263,105,55,127
264,104,52,128
262,106,53,127
261,104,54,131
262,104,52,129
260,104,54,128
259,104,55,127
260,104,53,128
260,102,52,132
258,102,53,128
257,103,55,128
256,102,53,131
256,102,53,131
255,103,54,130
256,103,51,129
255,102,51,133
255,103,50,131
254,104,51,130
256,103,50,131
254,106,49,127
252,107,51,126
251,108,54,127
250,107,51,125
249,107,50,126
248,108,52,125
248,108,50,125
247,107,53,126
247,107,52,126
246,107,54,127
246,107,52,125
247,107,52,126
246,105,52,129
246,105,50,129
246,106,47,129
246,107,47,127
245,104,52,127
243,102,58,140
246,107,49,128
245,108,48,126
244,110,48,127
245,109,48,129
244,109,50,129
244,110,51,130
243,109,48,130
245,110,47,129
245,109,46,131
244,109,48,132
243,108,49,131
243,108,46,130
243,108,49,132
242,109,49,128
242,108,49,134
241,109,47,130
240,109,49,133
241,110,47,131
240,111,49,128
240,111,48,132
239,112,49,128
239,112,45,130
238,113,48,130
238,113,47,130
237,111,48,133
236,113,48,129
234,113,49,131
233,113,49,129
235,114,48,129
236,113,48,129
234,112,48,130
233,111,49,132
233,111,50,129
233,112,49,129
232,112,49,129
232,112,49,129
230,112,52,132
229,113,52,130
231,114,49,132
229,114,53,135
228,116,52,133
228,115,54,132
230,117,54,129
228,116,57,132
228,117,54,130
227,116,57,133
228,116,56,131
227,116,54,130
227,115,56,132
225,114,55,134
224,114,54,133
224,113,52,135
224,114,55,135
223,115,53,133
223,117,52,131
223,117,53,133
222,117,53,133
220,118,53,133
221,118,52,136
220,118,52,135
220,118,51,134
219,118,52,136
218,120,52,131
218,118,54,135
218,117,54,136
217,116,54,136
217,117,53,136
215,117,56,136
216,117,56,135
213,114,62,141
213,115,62,141
216,116,55,139
217,117,53,136
217,117,53,136
216,120,56,134
216,120,55,137
217,122,54,135
217,123,54,135
217,123,53,138
217,122,56,137
218,122,52,139
218,121,55,138
216,121,55,137
217,121,56,138
217,120,55,138
217,120,54,136
218,121,51,136
217,121,54,137
217,121,52,138
217,119,53,138
218,121,51,137
220,121,47,136
220,124,48,133
219,126,48,132
220,126,47,134
219,126,47,133
217,128,49,134
217,125,51,139
216,125,53,138
214,126,53,138
214,125,53,139
215,126,55,136
214,126,55,138
214,126,54,140
214,125,54,139
213,124,53,141
214,126,52,139
212,125,53,139
213,127,53,138
213,127,52,138
214,128,51,136
213,129,51,135
214,131,50,135
214,132,53,137
214,131,54,138
215,131,50,142
215,130,49,142
214,129,50,140
214,129,50,141
215,130,51,141
214,130,52,141
214,129,50,142
214,130,51,142
213,129,51,142
214,129,52,140
214,129,51,140
213,131,53,135
212,130,50,140
214,131,50,141
214,131,50,141
212,131,52,140
212,131,52,140
212,130,53,140
213,131,53,140
213,130,48,141
210,128,54,144
213,128,52,143
213,129,51,143
212,128,51,143
213,130,50,140
213,130,50,144
214,127,52,146
211,129,52,144
212,129,55,144
213,129,51,144
213,130,52,142
212,130,54,142
213,130,50,141
213,129,52,143
213,129,52,141
213,129,51,144
213,130,52,142
212,130,52,143
210,130,55,142
213,129,54,142
214,131,50,139
213,131,49,141
214,131,50,139
213,128,51,144
213,129,52,144
213,130,49,142
213,130,50,142
213,130,50,142
213,130,53,143
212,130,51,141
213,129,52,144
213,129,52,142
213,130,51,144
213,129,53,145
210,129,56,144
209,128,56,145
208,128,56,143
206,127,60,146
206,127,62,149
206,127,62,149
201,127,67,149
201,127,67,149
201,127,67,149
202,128,63,145
200,129,65,145
202,130,65,143
201,129,66,145
200,129,65,139
201,129,62,143
201,129,64,141
202,130,63,142
202,130,62,140
203,129,61,142
203,130,61,141
203,130,61,142
203,131,59,143
204,130,62,144
203,130,60,142
204,131,60,141
205,130,60,142
204,130,59,143
205,129,61,142
205,131,59,138
203,130,62,142
204,130,60,141
203,130,64,140
203,129,60,143
204,130,56,141
203,131,59,141
203,130,61,140
203,130,61,139
202,129,60,142
203,130,60,141
203,131,60,140
203,130,60,141
202,131,59,139
202,131,58,140
201,130,62,141
202,130,61,141
200,130,63,142
199,131,62,142
201,130,60,139
200,131,62,140
201,130,61,143
201,131,62,141
200,129,63,143
201,131,60,142
200,130,64,142
200,130,65,145
201,131,63,141
201,130,62,144
200,130,66,142
199,131,64,140
200,131,64,140
200,131,62,142
201,132,64,142
200,131,64,141
200,131,64,142
201,130,63,144
200,130,66,142
200,131,65,141
200,131,66,142
201,131,66,143
204,127,63,143
201,129,63,142
202,131,61,140
202,131,64,141
202,130,64,140
202,131,66,142
203,130,64,145
202,131,61,142
202,130,64,143
201,130,66,142
201,130,65,141
202,131,63,142
201,130,65,143
202,130,64,142
202,131,66,144
202,130,62,142
202,130,64,141
203,130,63,143
202,130,65,142
204,130,63,141
204,131,64,141
204,129,65,143
204,131,62,141
204,132,63,139
205,132,63,138
204,133,63,138
204,130,63,141
205,131,62,138
204,130,65,144
206,131,63,141
206,130,63,141
207,130,62,142
205,130,65,142
205,130,65,139
207,131,63,138
207,132,60,139
208,130,63,141
206,132,64,142
207,131,63,141
207,131,63,143
208,132,62,143
208,132,61,140
207,132,61,143
208,132,61,139
208,132,63,140
206,131,62,141
206,132,64,140
206,132,63,141
206,133,65,142
205,130,66,143
205,131,64,140
206,132,60,141
206,130,63,142
207,130,61,142
205,130,64,143
205,132,64,144
205,131,65,146
204,130,66,145
205,131,65,142
206,131,63,144
204,132,64,140
206,132,63,140
206,132,63,142
204,131,65,141
205,130,63,139
205,130,63,142
204,131,65,141
205,131,64,140
206,132,62,139
203,131,64,140
203,131,64,140
203,129,64,142
203,131,63,139
203,130,64,140
203,130,65,141
203,129,65,144
200,129,65,144
203,130,62,141
206,129,61,144
205,129,61,144
207,131,60,144
208,132,56,144
209,132,56,143
210,132,55,143
210,132,56,143
211,132,54,142
214,133,50,139
212,133,53,141
212,132,53,143
213,135,55,140
213,134,54,139
213,134,54,138
214,136,54,134
211,137,57,133
215,137,51,137
214,137,56,139
215,138,55,139
216,138,51,139
217,137,54,137
217,138,53,140
218,137,53,141
217,136,54,142
219,137,52,142
218,137,54,141
217,136,55,141
217,136,53,142
218,137,53,137
217,135,52,141
218,135,52,142
218,137,53,141
217,137,51,140
217,139,53,142
218,139,50,139
218,141,49,138
216,141,50,140
216,141,49,138
216,141,52,139
214,140,51,144
214,140,49,141
214,139,50,142
213,139,53,142
213,140,53,142
213,139,52,143
213,138,52,145
212,139,53,149
212,139,54,144
211,138,50,146
213,138,53,147
212,139,50,146
212,140,49,144
211,143,50,140
210,143,50,143
210,144,55,141
211,143,50,144
211,144,52,144
209,142,55,144
210,143,53,139
210,142,55,146
210,142,52,146
210,142,54,145
209,142,50,147
208,138,53,150
207,140,55,147
207,143,52,146
207,144,51,143
208,143,51,147
207,144,51,148
207,145,51,146
206,146,50,144
205,148,49,145
204,149,49,142
204,148,50,144
201,147,53,145
197,148,56,144
198,147,54,147
197,147,58,147
198,147,53,148
198,147,56,149
198,148,53,147
197,147,53,148
197,148,50,145
197,147,52,148
196,149,49,147
198,148,48,147
197,150,49,145
197,150,51,146
196,152,52,145
197,153,52,146
198,152,50,146
198,153,50,148
197,152,50,148
198,152,52,147
198,152,50,149
198,153,51,147
198,151,52,149
198,151,51,149
197,151,52,149
199,151,49,148
198,151,52,148
198,153,51,147
198,153,49,147
197,152,53,148
199,155,52,147
199,154,51,149
199,156,53,150
199,158,52,148
198,157,54,154
197,157,54,151
198,157,57,150
197,158,56,149
201,159,54,149
200,159,56,149
198,159,59,149
199,158,56,148
198,158,57,151
202,158,57,148
204,158,55,151
206,159,55,150
206,160,55,151
205,159,58,150
205,161,57,150
208,162,56,150
207,162,57,151
209,163,56,153
210,162,54,154
211,163,50,153
212,163,54,154
211,162,55,154
211,161,52,155
210,161,52,155
210,160,53,157
212,160,50,155
210,160,55,156
209,160,57,156
211,162,52,154
208,162,56,154
211,162,54,156
209,164,56,152
208,164,53,153
208,166,54,152
206,167,58,153
207,168,56,153
203,167,61,159
206,169,57,158
203,169,58,157
200,169,63,155
200,169,59,158
198,168,62,156
198,167,68,157
198,168,66,158
196,166,55,159
195,166,54,161
194,167,52,160
192,167,52,161
191,168,54,157
191,168,55,158
191,169,52,160
188,170,54,157
186,173,55,157
188,175,52,155
186,175,53,158
184,174,53,158
184,175,55,159
182,175,56,157
178,174,62,162
175,174,57,160
174,173,56,159
175,173,59,161
173,172,55,162
169,174,58,162
170,173,58,161
167,176,60,159
155,175,72,160
157,175,71,160
153,177,73,158
149,178,78,159
148,179,77,160
148,179,77,162
145,179,77,161
145,178,78,165
144,179,76,164
141,180,74,163
138,181,68,160
134,179,71,162
131,177,60,165
131,177,60,164
131,179,55,163
133,178,50,165
131,179,53,167
131,180,52,163
127,182,54,161
131,180,47,162
125,180,55,167
128,180,51,169
123,181,57,169
122,181,60,170
123,178,55,173
121,180,60,174
121,182,56,169
120,182,58,169
120,181,57,172
118,181,57,172
118,182,58,169
118,184,54,167
121,185,50,165
115,184,54,164
113,184,55,168
111,186,55,164
111,185,54,165
109,186,57,164
107,181,62,172
105,187,62,167
101,185,68,170
100,184,67,171
103,184,63,170
101,184,62,171
97,186,69,169
95,184,68,171
95,185,69,173
96,184,65,172
96,187,65,170
96,186,64,172
