724,234,48,127
724,235,51,131
724,237,51,131
723,239,49,126
721,237,52,132
723,240,52,133
725,241,51,131
726,249,51,131
723,251,51,131
722,252,51,131
723,254,51,131
721,258,51,131
724,256,51,131
719,259,51,131
723,259,51,131
721,261,51,131
722,263,51,131
722,263,51,131
719,265,51,131
722,265,51,131
719,266,51,131
721,264,51,131
722,268,51,131
720,272,51,131
720,269,51,131
719,273,51,131
720,269,51,131
717,270,51,131
721,275,51,131
718,273,51,131
717,273,51,131
718,277,51,131
718,274,51,131
720,275,51,131
717,275,51,131
716,277,51,131
717,279,51,131
715,278,51,131
712,275,51,131
714,280,51,131
713,280,51,131
712,275,51,131
712,276,51,131
710,276,51,131
709,278,51,131
709,276,51,131
709,280,51,131
707,278,51,131
705,277,51,131
705,277,51,131
704,276,51,131
706,280,51,131
705,279,51,131
709,280,51,131
706,280,51,131
703,281,51,131
703,278,51,131
702,280,51,131
704,280,51,131
704,279,51,131
701,276,51,131
701,280,51,131
699,278,51,131
701,282,51,131
699,283,51,131
700,282,51,131
699,282,51,131
698,278,51,131
698,282,51,131
696,281,51,131
697,280,51,131
695,280,51,131
693,281,51,131
691,281,51,131
689,279,51,131
689,279,51,131
687,276,51,131
686,278,51,131
685,277,51,131
685,276,51,131
684,276,51,131
685,279,50,126
685,278,51,131
683,276,51,131
683,280,51,131
685,278,51,131
683,278,51,131
684,278,51,131
683,280,51,131
685,278,51,131
685,276,51,131
684,276,51,131
681,276,51,131
682,276,51,131
684,277,51,131
681,275,51,131
682,275,51,131
680,276,51,131
679,277,51,131
681,275,51,131
679,277,51,131
681,279,51,131
679,279,51,131
680,277,51,131
678,279,51,131
677,278,51,132
676,278,52,133
675,276,52,134
674,276,52,133
673,276,52,134
672,276,52,133
671,275,52,134
670,274,53,136
669,273,53,136
668,272,53,137
668,274,53,135
668,274,52,133
668,275,52,133
668,276,51,131
668,277,50,127
669,278,49,126
669,278,48,124
669,278,49,125
669,278,48,124
668,278,49,126
668,278,49,125
669,278,48,122
669,277,49,125
668,275,49,127
667,274,51,130
668,274,51,130
667,273,51,131
667,272,51,131
667,272,51,132
667,273,52,133
667,273,52,133
667,272,52,133
667,274,51,132
667,273,52,133
666,273,52,134
666,273,52,134
666,273,52,134
666,274,51,132
665,274,52,127
664,274,52,128
662,272,53,130
661,271,54,131
660,270,54,131
659,272,56,124
658,271,56,126
658,269,57,129
659,270,56,127
660,271,54,125
656,265,57,139
656,273,56,125
656,273,56,125
656,274,55,122
656,275,54,120
656,275,54,120
656,275,54,120
656,274,55,122
656,275,55,123
656,275,55,122
658,273,49,125
658,272,49,126
658,273,49,125
657,272,49,126
657,272,49,125
657,272,49,125
657,272,49,126
656,271,49,126
655,271,49,126
655,270,49,126
656,271,49,125
655,271,49,125
655,270,49,126
656,271,49,126
656,271,49,125
656,271,49,125
656,271,49,124
656,272,49,124
655,272,49,124
655,273,48,123
654,273,48,123
652,272,49,124
652,272,49,125
650,271,49,125
649,270,49,125
648,270,49,126
647,269,49,126
646,269,50,127
645,268,50,127
645,267,50,127
645,267,50,127
644,266,50,127
644,266,50,127
643,266,50,126
643,267,49,126
643,268,49,124
643,268,49,124
643,269,48,123
642,268,48,124
642,268,48,123
642,268,48,124
641,268,48,123
641,268,49,124
640,268,49,125
640,268,49,125
639,267,49,125
638,266,49,125
639,267,49,126
638,266,49,126
638,266,49,126
638,266,50,127
637,266,49,126
638,266,50,126
638,267,49,126
637,267,49,125
636,267,49,125
636,268,49,124
635,268,49,124
634,268,49,124
633,268,49,125
631,267,49,125
631,267,49,125
629,266,49,125
628,265,49,125
627,265,49,126
626,264,49,126
627,264,50,127
626,263,50,127
626,263,50,126
625,263,50,126
624,263,49,126
624,263,49,125
624,264,49,125
624,265,49,124
623,264,49,124
623,264,49,124
624,265,49,124
623,265,49,124
623,265,49,124
623,264,49,124
623,264,49,124
623,264,49,124
623,263,49,125
622,263,49,125
622,262,49,126
622,262,49,126
621,261,49,126
621,262,49,126
621,262,49,125
621,262,49,126
621,263,49,125
620,263,49,125
620,264,49,125
619,264,49,124
618,264,49,124
617,264,49,124
615,264,49,124
614,263,49,125
613,263,49,125
612,262,49,126
611,262,49,126
610,262,49,125
610,261,49,126
610,260,49,126
609,260,49,126
609,260,49,126
609,261,49,125
608,260,49,125
608,260,49,125
607,261,49,125
608,261,49,124
607,261,49,125
607,261,49,125
607,261,49,125
606,261,49,125
606,260,49,125
606,259,49,125
606,260,49,125
605,259,49,125
605,259,49,125
604,259,49,125
603,258,49,125
603,258,49,126
603,259,49,125
602,259,49,125
603,259,49,124
602,259,49,124
601,260,49,124
600,260,49,124
599,258,48,124
598,258,48,124
597,257,49,126
596,257,48,125
594,255,49,126
593,255,49,126
593,255,49,126
592,254,48,125
591,254,48,125
591,253,48,125
591,253,48,125
590,254,48,124
590,253,48,124
589,254,48,123
589,254,47,122
589,255,47,122
589,255,47,121
589,255,47,121
589,256,47,122
588,255,47,123
587,255,48,123
587,255,48,124
586,254,48,124
586,254,48,124
585,254,48,124
585,254,47,122
585,254,48,124
585,254,48,123
584,253,48,124
584,253,48,123
585,253,48,123
584,253,48,123
584,253,48,125
584,253,48,125
584,254,47,123
584,254,47,122
584,254,47,123
583,254,47,122
583,255,47,122
583,255,47,122
582,255,47,122
581,255,47,123
580,253,48,124
579,254,47,124
579,253,48,124
578,253,48,124
577,252,48,125
577,251,48,126
576,251,48,125
576,251,48,125
575,250,48,125
575,250,48,125
575,250,48,124
575,250,48,124
575,250,48,124
575,251,47,122
574,251,47,123
551,219,59,163
553,219,61,158
554,220,61,156
552,221,62,156
552,220,62,156
551,220,62,157
551,220,62,157
551,219,63,157
551,220,62,156
551,220,61,154
550,219,62,157
551,219,62,156
551,218,62,157
551,218,62,156
551,217,62,157
551,217,62,157
550,218,62,157
550,218,62,157
551,219,62,156
551,219,62,155
550,218,63,158
550,218,63,158
528,188,79,190
532,189,72,189
529,188,75,189
525,183,79,194
524,182,80,196
523,182,80,197
522,179,81,198
522,179,82,201
520,177,82,202
520,177,82,202
520,177,82,201
518,176,82,201
518,177,82,200
517,177,81,200
500,151,85,227
499,148,89,226
498,146,83,231
497,146,86,230
497,146,86,229
497,147,86,229
478,127,91,245
475,118,98,261
473,116,98,263
473,113,101,267
473,113,101,267
472,111,101,268
472,109,103,273
470,106,104,276
470,107,104,274
451,81,108,286
449,76,113,300
448,73,116,307
447,73,116,308
446,73,117,306
445,73,117,307
444,74,115,302
441,73,117,305
440,72,118,309
436,70,120,313
435,72,119,310
433,72,119,312
430,71,119,308
429,70,119,308
402,41,127,329
398,36,131,338
395,33,132,342
394,32,133,344
393,30,134,348
392,30,133,344
391,30,132,343
364,1,142,374
364,1,141,370
364,1,140,371
365,3,131,372
365,2,131,373
366,6,131,372
340,0,133,378
339,1,139,375
338,1,139,373
337,1,143,376
337,1,145,368
336,1,140,367
301,1,160,365
294,1,172,368
297,1,167,366
294,1,176,366
289,1,176,369
283,1,184,362
282,0,185,364
280,0,183,360
280,4,180,354
278,3,183,360
276,2,183,360
276,5,181,355
274,6,180,355
269,6,181,365
267,1,173,375
227,1,200,378
226,1,199,376
219,0,198,375
217,1,190,367
213,1,193,365
208,1,192,369
204,1,202,367
201,1,193,374
200,1,188,363
199,3,186,359
199,4,186,359
198,1,181,359
197,1,174,356
196,1,176,371
195,2,174,368
192,3,174,366
190,5,172,363
190,6,172,363
188,6,172,363
183,5,173,365
178,4,182,364
174,1,192,370
175,1,190,370
171,1,195,359
169,0,196,361
167,0,197,364
167,0,197,363
158,0,197,364
155,0,198,366
151,0,199,368
149,0,201,371
161,1,188,359
163,1,185,357
164,1,182,355
165,1,178,351
166,3,171,350
166,1,176,352
163,1,177,352
162,1,177,356
160,1,175,359
158,1,175,359
154,0,176,361
155,0,177,363
153,0,178,365
148,0,180,370
149,0,179,368
146,0,180,370
145,0,180,370
132,1,181,356
139,1,172,361
137,1,178,352
134,1,170,354
135,1,165,356
134,1,163,353
134,3,161,348
133,4,162,351
131,5,162,351
130,6,162,350
126,6,159,344
122,6,161,348
111,1,181,347
110,1,184,347
106,1,189,349
103,0,190,352
103,3,190,351
102,1,191,352
99,0,190,352
100,0,190,351
133,1,174,342
131,1,178,351
134,1,170,339
133,2,169,337
131,4,170,340
130,6,168,335
161,1,165,353
162,1,164,349
159,0,164,350
155,0,166,353
152,0,167,355
150,0,170,361
188,1,160,358
188,1,158,354
189,1,153,347
189,1,148,345
188,1,148,346
188,3,146,341
188,3,136,342
194,1,124,340
197,1,117,339
197,2,116,337
196,3,115,332
196,3,115,333
196,2,115,334
197,3,116,335
195,0,117,340
240,5,113,341
238,9,117,337
234,3,123,339
234,0,124,343
233,0,125,344
231,0,125,344
271,35,124,309
270,33,125,310
266,35,129,307
270,40,119,300
271,42,121,299
271,43,121,298
306,68,119,295
312,82,109,270
313,85,105,260
312,86,103,255
312,87,103,255
311,87,103,254
309,86,102,252
308,81,101,258
309,80,101,258
307,79,100,255
307,77,101,259
302,74,107,266
304,71,103,269
304,71,103,268
302,71,101,265
301,70,102,265
342,98,97,253
345,103,93,242
345,105,90,236
346,112,88,227
346,113,88,226
347,115,87,224
387,143,84,216
389,146,81,209
392,152,77,198
393,154,74,191
392,153,74,192
392,151,75,193
438,186,60,160
437,185,60,161
437,184,61,163
436,183,61,163
436,185,60,161
436,185,63,161
483,225,49,125
483,226,48,123
483,227,48,123
484,228,47,121
483,228,47,120
483,228,48,121
482,228,48,122
482,229,47,121
480,228,48,123
479,228,48,121
479,227,48,123
478,226,48,124
477,225,48,124
476,224,48,125
475,224,48,125
475,224,48,125
474,224,48,124
474,223,48,124
473,223,48,124
473,223,48,123
473,223,48,124
472,224,47,121
472,225,46,119
471,224,46,119
471,224,46,118
471,225,46,118
471,226,45,117
469,226,46,118
469,226,46,118
468,226,46,119
467,224,48,122
467,226,47,120
466,225,47,121
465,225,48,122
465,225,47,122
464,225,47,120
464,224,47,120
463,224,47,120
464,223,47,121
463,223,48,122
463,224,47,121
463,225,47,120
462,226,47,120
462,227,47,120
461,227,47,119
459,226,47,120
456,226,46,119
454,225,47,120
452,224,47,121
451,224,47,121
450,223,47,121
449,222,48,122
449,222,48,122
448,222,48,122
448,221,48,122
447,222,48,122
447,222,48,121
447,222,48,121
447,223,47,120
447,223,47,119
447,224,47,119
446,223,47,118
446,223,47,119
446,223,47,119
446,223,47,119
445,223,47,119
445,223,47,119
445,222,48,121
444,221,48,122
444,221,48,122
444,221,48,121
443,221,47,120
443,220,48,121
443,221,47,120
443,221,47,120
442,221,47,119
442,222,47,118
441,222,47,119
439,222,47,119
438,222,47,120
437,222,47,120
436,221,48,122
435,221,48,122
433,220,48,122
432,219,48,122
431,219,48,121
431,219,48,121
430,218,48,122
429,218,48,121
429,217,48,123
428,218,48,121
428,218,48,121
428,218,47,120
428,219,47,119
428,219,47,118
427,219,47,119
426,219,47,119
426,218,47,120
426,218,47,120
426,219,47,120
425,219,47,119
426,220,47,118
425,220,47,119
424,219,47,120
424,218,48,121
423,217,48,121
423,217,48,122
423,217,48,123
422,216,48,122
422,217,48,122
422,216,48,122
423,217,48,121
423,216,48,121
422,216,48,121
422,217,48,121
422,218,47,120
422,218,47,120
422,219,47,119
421,218,47,119
420,218,47,120
419,218,47,120
418,217,47,121
418,217,48,121
417,217,48,121
416,217,48,121
416,216,48,121
416,216,47,121
416,216,48,121
415,216,48,121
415,215,48,121
415,215,48,121
414,215,47,121
415,216,47,120
414,216,47,120
414,216,47,119
413,216,47,119
414,216,47,119
413,216,47,119
413,216,47,118
414,216,44,119
414,215,45,121
414,215,45,122
413,214,45,123
412,214,45,123
412,213,45,123
413,214,45,122
412,213,45,122
412,213,46,123
412,213,45,122
413,213,45,121
414,214,45,121
413,213,45,121
413,213,45,121
414,214,45,121
414,215,44,120
413,215,44,119
412,216,44,118
413,216,44,118
411,215,44,119
410,214,44,120
409,214,45,122
410,213,45,122
409,213,45,123
409,213,45,122
409,212,45,123
409,211,45,123
414,211,45,122
415,211,45,121
428,213,44,119
431,214,43,117
432,213,44,118
435,213,44,118
438,213,43,117
442,214,43,117
444,214,43,116
449,215,43,116
452,216,43,116
454,215,43,117
459,214,44,118
461,213,44,119
475,212,44,120
478,211,44,121
483,211,45,122
490,211,45,122
494,211,45,123
497,210,46,124
499,210,45,123
505,211,45,122
512,212,45,122
521,213,45,121
524,214,44,120
536,213,44,120
547,213,44,119
550,214,44,120
558,213,44,120
564,214,45,121
567,213,45,121
569,213,45,121
571,213,44,120
575,212,45,121
577,212,45,121
578,211,45,121
580,211,45,122
584,211,45,121
587,211,45,122
590,211,45,121
594,211,45,121
596,211,44,120
600,211,44,120
603,211,44,119
607,212,43,117
610,212,43,118
613,213,43,117
616,213,43,117
620,211,44,119
621,211,44,120
623,211,44,121
625,210,44,121
627,209,45,122
630,209,45,122
631,209,45,122
632,208,45,123
633,208,45,123
634,208,45,124
636,208,45,123
637,208,45,123
638,209,45,122
639,210,45,122
640,210,44,121
640,210,44,119
639,210,44,120
640,210,44,121
639,209,45,121
639,208,45,123
639,208,45,122
639,207,45,122
639,207,45,123
639,206,45,123
639,207,44,121
640,207,45,123
640,207,45,123
640,207,45,122
641,207,44,121
641,207,45,122
641,207,44,121
644,208,43,119
646,208,43,118
647,208,43,117
648,209,43,116
650,209,43,117
650,209,43,116
652,209,43,118
653,208,43,119
654,208,43,118
655,208,44,119
655,208,44,121
656,207,45,122
657,206,45,123
659,206,45,123
661,205,45,123
663,205,45,122
662,205,47,123
663,205,47,122
665,206,46,121
668,207,46,121
668,207,46,120
669,207,46,120
671,207,47,122
672,208,46,120
672,207,47,122
673,208,46,121
674,208,46,121
675,208,46,121
676,209,46,120
677,208,45,119
677,206,46,121
680,208,46,119
681,207,46,120
682,206,46,120
683,205,46,120
684,205,46,121
684,205,46,120
685,205,46,120
686,205,46,120
686,206,45,119
687,206,45,118
687,206,45,118
688,206,45,118
688,207,45,117
688,208,45,117
688,207,44,116
689,207,44,116
689,206,45,118
689,206,45,119
689,206,45,119
689,205,46,119
690,205,45,119
690,204,46,120
689,203,46,121
689,203,47,122
689,203,47,122
689,203,47,122
689,203,46,121
689,204,46,120
689,205,46,119
690,205,46,119
689,205,46,120
688,205,46,119
689,205,46,120
688,205,46,121
688,205,46,120
687,204,46,120
687,203,46,121
686,203,47,122
686,203,47,122
685,202,47,123
685,201,47,123
685,201,47,124
684,200,47,123
684,200,47,123
683,200,47,123
682,200,47,123
682,200,47,122
683,201,47,122
682,201,46,120
682,201,46,120
682,201,46,121
682,201,46,121
681,200,47,122
681,199,47,122
681,199,46,121
681,199,46,120
681,199,46,120
681,199,46,121
680,197,46,121
680,197,46,121
680,197,46,121
680,196,47,122
680,195,47,122
680,195,46,122
680,195,46,121
679,195,46,121
680,195,46,121
679,194,46,120
678,194,45,119
678,193,46,119
678,193,46,121
677,192,46,121
676,191,47,122
675,190,46,122
674,189,47,122
672,187,46,122
671,186,46,122
671,185,46,122
670,184,46,122
670,184,46,122
670,182,46,122
669,181,46,122
670,180,46,122
670,179,46,122
670,179,45,121
669,178,45,120
670,177,46,122
669,176,46,121
669,176,46,121
669,174,46,121
669,173,46,121
669,172,46,121
670,172,45,120
670,171,46,121
669,170,46,121
669,169,46,121
669,168,46,122
669,167,46,122
669,166,46,123
669,165,46,122
669,164,46,123
668,164,46,123
668,163,46,122
668,163,46,122
668,164,45,121
667,164,45,120
667,164,45,120
667,163,45,120
666,163,46,121
665,163,45,120
665,163,45,121
663,162,46,121
663,162,46,121
662,161,45,120
662,160,46,121
661,160,46,122
660,159,46,122
660,159,46,122
660,159,46,122
659,159,46,121
658,159,46,122
657,159,46,121
658,160,45,120
658,160,45,121
657,161,45,120
656,161,45,120
656,161,45,120
656,162,45,119
656,163,45,119
656,163,45,119
656,163,45,120
654,163,45,120
655,164,45,121
654,164,45,121
653,164,46,122
653,164,46,122
653,165,46,122
652,165,46,122
651,166,46,122
651,167,46,121
651,168,46,121
651,170,46,121
651,171,46,121
650,173,46,121
649,174,45,120
649,175,45,120
648,176,45,121
647,177,46,121
646,177,46,122
645,179,45,120
645,180,45,120
644,181,45,119
643,182,45,119
642,182,45,120
642,183,45,120
641,184,45,119
642,185,45,119
641,187,45,119
641,188,44,118
640,190,45,119
640,191,45,119
641,193,44,118
641,195,44,118
641,196,44,118
641,197,45,119
640,198,44,119
640,199,45,119
641,201,45,120
641,202,45,119
641,202,45,119
642,204,45,119
641,203,45,120
641,204,45,120
641,204,45,120
640,204,45,121
640,206,45,121
640,206,45,121
640,207,46,122
640,208,45,121
640,210,45,119
640,211,45,119
639,212,45,120
639,213,45,119
639,214,45,119
637,214,45,119
636,214,45,120
636,214,46,122
635,215,45,121
635,215,45,121
634,214,45,121
633,214,46,122
632,213,46,122
632,215,45,121
631,214,45,121
631,215,45,121
630,215,45,120
630,216,45,119
630,217,44,118
630,218,44,118
630,218,44,117
631,219,44,117
631,220,44,117
631,220,44,117
630,220,44,117
631,220,44,117
631,219,44,118
630,219,45,119
630,219,45,119
630,219,45,119
630,218,45,120
630,218,45,121
629,218,45,121
628,218,45,121
628,218,46,122
628,218,46,122
627,219,46,122
627,219,46,122
626,220,46,121
626,221,45,121
626,222,45,121
625,222,45,121
624,223,45,121
623,223,45,120
622,222,45,121
621,222,45,120
620,223,45,120
620,223,45,120
619,223,45,120
618,222,45,120
618,221,45,120
618,222,45,120
618,222,45,120
617,222,45,120
617,222,45,120
620,223,42,120
620,223,42,120
619,223,42,120
620,223,42,119
620,224,42,119
620,224,42,119
620,224,42,119
620,224,42,120
620,224,42,119
622,225,42,119
623,224,42,119
622,225,42,120
623,224,42,120
625,224,43,121
625,223,43,122
625,223,43,122
626,223,42,121
626,223,42,121
626,223,42,120
626,224,42,119
626,224,42,120
626,224,42,119
627,224,42,119
625,224,42,119
626,225,42,119
626,225,41,118
625,225,42,119
624,226,41,118
623,225,42,119
623,225,42,120
622,225,42,121
621,225,42,121
620,224,42,121
620,224,43,122
620,224,43,123
619,223,43,122
619,224,42,121
619,223,42,121
619,224,42,120
618,224,42,119
618,224,42,119
618,225,42,119
618,225,41,117
618,225,41,118
618,225,41,118
618,225,41,118
618,225,42,119
618,225,42,119
618,224,42,119
618,224,42,120
618,224,43,122
618,224,43,122
618,223,43,122
618,223,43,122
618,223,43,122
618,222,43,122
618,223,43,122
618,222,43,122
618,223,43,122
618,223,42,120
618,223,42,120
617,224,42,120
616,224,42,120
616,225,42,119
615,225,42,120
614,225,42,121
613,224,42,121
611,224,43,122
610,224,43,122
609,223,42,121
608,223,42,121
607,223,42,121
607,223,43,121
609,222,42,121
609,222,42,120
609,223,41,119
608,223,42,120
608,223,42,120
608,222,42,121
607,222,42,121
607,222,42,121
607,223,41,119
607,223,41,119
607,224,41,118
607,224,41,118
607,224,41,118
607,224,41,119
604,223,41,119
604,223,41,119
605,223,41,120
604,222,42,121
605,223,42,121
604,222,42,121
604,222,42,122
604,221,42,122
604,221,42,123
604,221,42,123
602,221,44,123
598,220,47,123
598,221,48,122
600,222,46,121
596,223,50,119
596,223,49,118
595,223,49,118
595,223,49,118
594,223,49,118
593,223,50,120
592,222,51,122
591,222,51,123
591,222,51,122
590,221,51,122
589,222,50,121
588,221,50,120
588,220,50,120
587,220,50,119
587,221,48,116
586,222,48,116
587,223,48,115
586,223,47,114
586,223,47,114
585,223,48,114
586,223,47,114
585,223,48,116
585,223,48,116
584,223,48,116
583,223,48,117
584,223,49,118
584,223,49,118
583,221,50,119
583,221,49,118
583,221,49,119
564,176,63,159
564,176,63,159
564,176,63,160
563,176,63,159
563,177,62,157
562,176,62,157
562,177,63,158
543,139,74,186
542,139,74,186
541,141,72,181
540,141,73,184
539,141,73,184
537,141,74,186
511,99,97,222
516,99,89,224
515,98,89,225
511,96,90,226
510,94,91,228
509,92,91,229
482,52,108,257
482,52,108,256
481,51,108,257
479,51,107,254
480,54,105,261
482,56,102,256
483,57,102,257
483,59,101,254
483,61,101,252
482,61,101,252
482,61,102,255
481,60,102,255
481,60,101,254
481,60,101,254
479,58,104,260
479,56,104,260
460,9,116,295
455,7,115,291
453,6,116,292
451,4,116,293
451,4,116,293
451,5,115,291
431,0,117,296
426,1,131,296
425,1,130,295
423,1,133,300
422,3,132,297
420,4,132,298
401,0,133,300
398,0,133,301
397,0,133,300
389,0,135,305
387,0,138,312
382,0,140,315
381,0,133,301
380,0,129,291
378,0,127,287
379,0,127,286
378,0,127,286
374,0,127,285
376,0,128,289
375,0,129,290
374,0,128,288
377,0,126,284
370,0,122,276
367,0,121,272
373,0,119,269
372,0,115,259
374,0,112,253
384,1,111,250
390,1,111,251
380,1,111,251
389,1,111,251
374,1,111,251
382,1,113,255
371,1,119,254
388,1,118,253
389,1,118,251
385,1,119,254
365,1,137,273
370,8,133,266
362,1,133,265
359,6,136,271
350,0,138,275
344,2,137,274
345,2,139,276
345,2,137,273
342,2,137,273
338,2,137,273
333,1,139,277
333,3,137,273
332,1,137,278
332,1,133,282
332,3,131,286
329,1,133,281
334,1,136,289
333,3,134,286
335,4,134,285
337,7,132,281
338,8,131,278
337,9,131,279
336,7,131,278
340,8,130,276
341,8,129,273
344,4,132,281
343,0,131,278
345,0,132,280
348,1,131,279
335,1,132,281
348,1,130,277
353,1,129,274
350,1,131,279
336,1,130,277
343,0,135,288
335,0,137,291
341,1,136,289
332,1,136,289
327,1,136,289
332,1,135,287
337,4,133,283
310,1,134,285
330,1,132,282
340,1,132,280
340,1,131,278
329,0,131,278
328,1,131,279
328,1,131,278
319,1,132,279
307,0,131,278
289,0,132,280
272,0,135,285
295,1,134,282
309,1,134,282
291,1,138,267
293,5,141,259
294,10,139,255
295,10,140,257
292,10,141,260
289,7,143,264
288,1,144,272
286,1,146,274
285,4,147,271
285,4,147,271
284,3,147,272
285,3,148,272
286,5,147,271
283,0,150,276
282,0,153,283
283,0,151,279
281,0,149,275
281,0,151,278
280,2,151,279
279,1,151,279
278,1,143,278
278,2,142,276
278,4,141,273
278,6,140,272
276,5,140,272
274,6,139,271
272,4,142,276
270,2,142,277
267,0,143,278
265,0,143,279
264,0,144,280
262,0,144,280
260,0,142,277
259,0,144,279
258,0,143,279
257,0,144,279
258,0,142,277
256,0,142,276
255,0,140,273
252,0,140,271
254,3,136,265
255,4,136,264
254,3,136,263
254,3,138,267
254,0,140,272
254,0,142,275
255,0,142,276
251,0,143,278
247,0,145,282
246,0,146,285
244,0,148,288
242,0,147,286
240,1,139,276
238,1,140,277
235,2,138,274
234,5,137,273
230,8,136,270
230,10,136,269
224,8,139,277
219,8,140,278
215,8,141,280
213,3,141,280
212,3,142,283
210,3,141,280
209,2,138,275
204,1,139,277
203,2,138,275
198,1,138,274
198,6,134,266
198,5,136,269
196,7,133,264
194,7,133,265
192,5,135,267
191,5,135,268
190,5,136,269
187,1,137,276
193,1,134,275
192,6,135,268
196,9,132,263
193,5,132,263
192,4,133,264
192,4,134,267
190,1,135,267
189,1,135,269
188,3,137,271
187,3,135,268
186,4,136,271
184,1,137,276
182,1,137,276
180,1,137,277
178,0,137,276
177,0,138,279
174,0,139,280
174,2,137,277
171,0,140,282
166,0,142,286
165,0,141,285
163,0,139,281
163,0,139,281
162,0,135,272
162,0,134,269
161,1,139,270
161,1,141,273
160,1,136,273
163,1,132,270
163,2,131,268
164,5,129,264
171,1,125,276
171,3,123,273
173,3,124,273
174,2,123,272
210,1,119,283
210,0,120,284
210,0,120,286
209,0,122,291
208,0,123,293
206,0,127,302
205,0,131,311
204,0,132,314
201,0,134,318
202,0,135,321
202,0,135,321
204,0,130,310
200,0,134,319
201,0,135,320
241,1,124,306
237,2,122,301
232,2,121,298
229,1,120,296
230,2,118,290
233,0,119,294
272,37,117,288
272,39,115,283
271,39,114,282
283,36,98,253
282,36,98,253
280,37,96,247
323,74,91,235
325,77,88,226
326,79,85,219
325,83,84,216
324,84,83,214
324,85,83,214
370,127,80,206
369,127,78,201
370,127,76,196
371,127,76,194
372,127,75,192
371,127,73,189
371,125,74,191
370,124,75,192
365,125,74,190
368,124,74,190
366,125,74,190
364,124,75,192
365,125,74,191
368,126,74,191
367,126,71,189
414,164,59,157
413,164,59,157
413,165,59,156
412,165,59,156
411,166,58,155
410,168,59,154
462,213,47,121
462,213,47,121
461,213,47,121
460,211,48,122
459,211,48,123
458,211,48,123
458,211,48,123
456,210,48,124
456,210,48,123
456,210,47,122
455,211,47,122
454,210,47,122
454,212,47,120
455,212,46,120
454,212,46,119
454,213,46,117
453,211,45,117
454,213,45,116
455,212,45,117
455,214,45,117
453,213,45,116
452,213,45,117
451,213,45,117
452,212,45,117
453,212,45,117
453,212,46,117
452,211,46,118
451,210,46,117
451,211,45,115
457,210,44,113
455,211,43,110
454,213,43,110
452,213,42,108
450,214,42,108
448,213,42,108
448,212,42,107
448,213,42,107
447,213,41,107
445,212,42,108
444,212,42,108
443,212,42,108
443,213,43,110
442,211,43,110
441,211,43,110
440,211,43,111
439,211,44,114
439,211,45,115
438,211,45,116
437,211,45,116
437,211,46,117
438,212,45,117
438,212,45,117
438,212,45,117
438,212,46,117
437,212,46,118
437,212,46,118
437,212,46,119
437,211,46,120
436,211,46,119
436,210,47,120
435,209,47,121
435,209,47,121
434,209,47,121
434,210,47,121
434,210,47,121
433,210,47,120
433,210,46,120
432,211,46,119
431,212,46,119
430,211,46,119
428,212,46,119
427,212,46,119
426,212,46,119
426,211,46,119
425,211,46,120
424,210,47,120
423,210,47,120
422,209,47,120
422,209,47,121
422,209,47,121
422,210,47,121
421,209,47,121
421,209,47,120
421,210,46,119
421,211,46,118
421,212,46,118
420,212,46,117
420,212,45,116
421,212,45,117
421,212,45,117
421,212,45,117
420,212,46,118
420,211,46,118
420,211,46,119
420,210,47,120
419,209,47,120
419,209,47,121
419,208,47,121
419,209,47,121
419,209,47,121
419,209,47,121
419,209,47,120
419,209,46,119
418,211,46,118
418,210,46,118
417,211,46,117
417,211,46,118
417,210,46,119
416,210,46,118
418,210,46,120
423,210,46,118
433,209,46,118
443,208,46,118
451,208,46,120
454,208,46,119
456,208,46,119
456,208,46,118
455,209,46,118
455,209,46,118
455,209,46,118
455,209,46,117
457,209,45,117
465,210,45,116
465,209,45,116
474,210,45,115
477,210,45,115
478,209,44,114
481,209,44,114
481,209,44,113
483,209,44,113
484,209,44,113
486,208,44,113
488,207,44,114
491,207,44,114
492,207,44,114
494,207,45,116
496,207,45,116
498,207,45,116
499,208,45,116
500,208,45,115
501,208,45,115
502,208,45,115
503,208,44,114
503,208,45,115
504,209,45,115
505,209,45,115
506,209,45,116
506,209,45,117
506,208,46,118
506,207,46,119
506,207,46,119
507,206,47,120
508,206,47,120
508,205,47,121
510,204,47,120
510,203,47,121
511,203,47,121
512,204,47,121
513,204,47,120
513,204,46,118
515,205,46,118
516,205,46,118
517,205,46,118
518,205,45,117
519,205,45,116
520,204,45,116
520,204,45,116
521,203,45,117
522,203,45,116
522,201,45,116
523,201,45,116
523,201,45,115
524,200,45,116
525,200,45,116
526,200,45,116
526,199,45,116
526,199,45,116
526,199,45,116
526,199,45,116
525,198,45,116
525,198,45,117
524,198,45,116
524,197,45,116
523,196,45,116
523,196,45,117
522,195,45,117
521,193,46,118
520,192,46,118
519,190,46,119
519,189,46,119
519,188,46,119
519,188,46,119
519,188,46,118
519,188,46,119
518,186,46,119
520,187,45,117
520,186,45,116
520,185,45,116
520,185,45,116
519,184,45,116
519,183,45,117
520,182,45,117
520,179,45,117
521,178,45,116
522,176,45,116
522,174,45,116
522,173,45,117
522,171,45,116
521,170,45,116
522,169,45,115
522,167,44,114
522,167,44,114
522,166,44,114
522,165,44,113
522,164,43,111
522,163,43,110
522,162,42,109
521,159,42,109
520,158,42,108
520,156,42,109
519,155,42,109
519,152,42,108
519,150,42,108
518,148,42,108
517,146,42,108
517,144,42,109
517,142,43,110
517,140,43,111
517,138,43,112
517,137,44,113
516,135,44,113
516,133,44,113
516,131,44,113
516,129,44,114
516,127,45,115
516,126,45,115
517,123,45,115
516,121,45,117
515,118,46,117
516,115,46,117
516,114,46,117
516,111,46,118
516,108,46,119
516,106,46,120
515,103,47,121
515,100,47,121
514,98,47,120
514,95,47,121
514,94,47,121
514,91,47,120
514,89,47,120
513,87,47,120
512,84,47,120
512,82,46,120
511,79,46,119
511,76,47,120
510,73,47,121
509,70,47,121
509,68,47,121
508,64,47,122
508,61,47,122
508,58,48,123
507,54,48,123
506,52,48,122
507,50,48,123
506,48,47,122
