588,261,60,136
590,260,58,136
588,262,58,134
589,263,54,134
587,262,55,134
583,261,58,139
583,265,60,135
583,266,59,133
582,268,60,134
581,268,60,136
581,270,60,134
580,270,59,134
579,271,60,136
580,277,53,133
580,279,53,131
580,278,53,128
581,278,51,133
580,280,52,130
577,280,54,130
578,280,55,130
572,280,59,132
572,279,59,130
574,280,60,130
572,279,62,132
570,277,63,135
571,279,62,136
571,280,61,134
570,280,61,133
569,280,61,134
568,280,61,134
568,280,62,135
568,281,61,135
571,281,51,133
570,283,50,130
570,284,51,129
564,283,58,132
564,284,57,131
564,284,57,131
564,284,54,133
560,283,56,132
560,281,58,133
559,280,57,134
559,281,57,132
559,279,54,136
559,281,57,132
557,280,54,133
554,280,59,134
554,279,55,134
554,279,55,136
552,281,57,132
550,282,61,132
548,282,62,131
548,282,62,133
550,282,59,131
548,282,59,131
546,283,63,132
549,283,58,128
548,281,58,134
546,281,59,131
545,281,59,133
548,281,56,131
546,279,56,127
546,277,57,135
545,278,57,132
547,280,53,134
548,276,53,135
546,279,52,132
546,280,52,130
545,278,52,133
545,279,52,132
544,279,52,133
543,280,52,132
543,280,49,131
544,281,50,131
540,280,53,129
539,281,52,134
538,280,53,134
538,281,54,132
536,277,53,135
534,277,53,133
533,277,56,133
531,276,57,134
530,275,54,140
529,275,53,135
528,277,56,134
527,277,53,135
528,276,52,135
524,277,59,130
521,275,56,136
522,278,54,131
519,280,58,126
519,281,56,127
519,279,55,131
517,279,55,132
518,278,53,129
514,279,58,129
514,278,56,134
513,277,56,131
511,280,57,129
508,277,58,131
509,276,55,131
510,276,54,128
507,276,54,129
506,275,53,130
507,271,52,140
506,279,53,127
500,278,57,132
502,277,55,128
498,277,58,129
497,277,58,129
496,277,58,129
494,276,59,131
493,276,59,130
496,278,54,130
496,276,53,135
494,276,54,133
492,276,56,131
490,277,56,130
490,274,53,132
487,273,57,133
485,271,58,133
486,272,55,131
486,274,58,130
486,273,54,129
484,275,58,129
487,276,54,130
484,274,54,131
483,274,54,132
483,275,53,129
482,275,53,128
482,275,53,128
479,273,59,133
481,270,56,133
480,270,56,131
480,270,56,131
479,268,56,132
479,269,56,131
478,268,56,132
476,269,55,135
479,271,48,132
478,271,49,132
475,270,52,133
471,272,56,127
471,273,52,131
469,273,55,129
467,271,57,132
468,271,58,134
467,271,56,134
466,274,57,129
465,274,56,127
464,273,58,131
462,270,59,134
461,270,59,133
459,269,59,133
455,269,58,134
457,268,55,136
453,269,57,133
450,269,62,135
451,267,59,137
450,267,58,134
450,271,55,132
448,270,59,136
448,270,58,134
447,269,60,133
448,269,56,134
445,271,58,134
447,269,56,130
446,269,56,130
445,268,56,130
445,268,56,131
444,267,57,132
443,267,54,137
443,267,56,135
444,269,50,130
440,266,55,134
442,264,53,132
441,268,52,134
440,266,51,133
439,268,51,132
439,264,53,137
438,266,51,134
437,268,56,132
433,268,55,135
434,267,56,135
430,266,60,135
431,265,56,134
431,265,54,134
427,263,56,137
422,262,62,137
424,263,57,133
421,264,61,135
421,264,58,132
421,263,59,134
419,261,60,136
420,265,58,132
418,263,59,132
416,264,61,130
418,264,57,132
415,266,62,131
418,265,56,130
418,266,56,128
417,264,54,130
421,265,51,127
418,264,59,134
416,264,54,131
420,262,53,135
419,263,57,129
422,262,52,130
421,262,53,134
418,262,55,132
418,261,53,130
422,261,48,125
419,261,51,130
422,262,50,133
422,263,51,135
425,263,48,130
426,263,46,128
423,264,51,129
423,263,53,130
424,263,52,129
421,260,58,131
424,263,59,131
424,258,53,134
426,259,50,134
425,258,56,134
429,258,53,132
428,259,56,133
431,258,55,134
431,260,59,132
434,260,56,126
436,261,54,129
438,261,54,129
438,261,55,126
440,262,55,128
446,261,52,128
445,260,57,130
445,257,62,133
450,259,56,131
452,259,57,130
455,257,54,133
458,257,54,132
460,257,54,132
463,256,53,131
468,253,53,135
472,255,53,132
476,254,51,128
478,256,49,132
479,256,49,132
480,256,49,131
482,256,49,131
482,260,49,129
484,261,49,129
485,261,48,127
488,262,48,126
491,260,48,127
493,261,48,127
495,255,55,132
496,255,58,130
495,252,54,132
498,251,52,133
497,254,54,133
498,252,54,130
498,253,57,135
499,252,55,134
498,254,55,132
499,253,54,130
499,255,55,127
502,254,53,126
504,253,51,129
505,253,53,129
509,255,50,128
510,255,50,128
510,254,50,129
510,254,50,128
512,253,50,129
512,254,51,126
511,252,53,134
513,251,52,128
513,252,53,129
514,250,53,132
517,251,50,130
520,251,50,129
523,251,46,133
523,250,53,136
527,248,48,130
528,254,45,125
526,251,51,128
528,253,48,127
531,254,46,122
531,258,49,126
534,255,49,130
533,256,51,130
534,252,48,133
530,253,54,129
534,251,52,136
538,252,54,136
540,250,54,133
543,251,53,134
544,250,54,130
544,250,55,129
549,248,52,126
546,248,57,126
547,249,56,125
548,248,56,124
550,249,56,123
553,250,56,123
556,251,55,122
559,251,55,122
562,251,55,129
563,249,57,133
564,249,58,132
567,248,59,130
571,250,56,129
575,249,54,129
578,250,57,129
577,249,56,127
580,247,55,133
584,248,53,132
585,246,54,134
590,247,51,134
592,248,50,133
590,246,55,133
591,250,54,127
600,248,49,128
604,248,47,128
606,248,49,131
606,248,52,128
607,248,55,129
608,248,55,129
608,248,54,128
608,247,56,130
610,248,50,129
608,245,52,130
606,246,59,129
604,243,58,129
606,245,54,132
608,243,54,130
605,241,55,131
606,243,55,130
605,242,55,133
602,242,57,130
605,242,55,133
603,239,55,134
604,244,54,127
602,244,55,129
604,244,49,125
604,245,50,125
605,243,49,128
601,243,55,128
601,244,52,128
601,242,54,129
601,244,54,127
600,241,56,129
601,243,51,126
598,241,57,128
599,240,53,129
598,239,55,131
599,240,54,128
599,240,52,129
597,239,56,129
599,241,51,128
597,241,56,128
600,240,52,130
600,240,48,137
598,243,54,130
598,242,51,128
598,242,51,130
597,241,52,127
599,241,47,128
595,238,51,134
597,239,47,128
593,239,52,132
591,240,54,125
590,239,53,136
590,237,54,141
586,237,54,135
586,238,50,135
585,235,53,138
585,237,55,138
583,236,56,134
582,236,58,131
582,238,57,129
583,240,52,126
581,240,56,126
583,239,51,129
581,240,54,128
582,240,52,128
580,237,55,129
582,237,51,129
581,239,51,124
578,234,54,131
576,235,54,129
578,236,53,129
578,234,53,128
578,234,52,127
576,235,52,129
576,235,52,129
575,235,52,129
574,235,53,131
573,235,52,128
572,236,51,127
571,233,54,132
570,235,53,130
566,235,57,128
567,236,57,127
564,236,60,128
563,234,60,129
562,233,56,129
560,233,58,130
558,231,59,130
559,231,55,130
558,231,53,131
558,232,52,130
558,232,52,129
557,232,51,127
555,233,51,127
556,231,51,132
556,232,50,130
556,233,50,129
555,232,50,130
555,232,51,131
555,232,50,131
555,232,50,132
554,231,51,133
553,230,51,135
552,229,52,135
552,229,52,136
552,228,52,129
550,231,58,128
550,229,52,128
550,229,54,133
551,229,51,131
549,229,52,128
547,229,56,130
550,227,52,133
549,228,54,131
548,229,55,129
547,231,55,124
549,230,51,128
549,230,49,125
547,230,51,130
544,230,54,130
543,231,56,128
541,228,54,133
540,228,55,131
540,227,56,132
537,226,55,130
538,226,51,128
533,223,58,134
532,225,56,129
533,225,55,132
531,224,56,131
531,227,55,129
531,226,55,127
528,223,55,133
531,226,54,133
531,227,54,124
527,227,55,127
527,228,53,126
529,227,51,126
528,226,53,132
528,225,54,133
528,227,52,128
526,225,53,129
525,225,51,129
525,223,56,127
524,222,54,129
523,221,56,134
523,221,56,135
523,221,56,133
522,221,55,132
522,222,53,132
521,220,54,135
520,221,52,132
521,224,49,128
523,221,48,131
522,224,50,131
521,224,47,127
521,225,46,124
520,223,47,125
519,223,49,128
519,223,49,129
518,224,50,129
517,223,50,128
514,221,54,133
512,219,53,132
512,221,56,130
509,220,55,134
509,219,56,134
507,221,57,129
504,219,61,133
505,218,56,133
505,218,59,132
504,217,57,133
505,217,55,135
503,217,57,134
504,219,54,127
505,219,53,131
506,220,51,130
505,221,51,127
503,220,52,130
503,223,51,126
500,221,54,130
502,220,51,128
501,220,54,131
500,222,49,127
501,219,52,133
497,219,54,130
496,218,54,130
495,217,55,132
494,217,55,132
493,216,55,133
492,218,57,133
493,218,55,128
490,218,56,130
490,215,56,134
492,218,52,126
491,219,50,128
491,218,50,127
493,217,49,131
490,217,50,129
491,219,51,129
492,220,47,127
488,219,48,128
486,220,53,127
486,220,50,127
484,219,52,129
483,219,52,128
482,215,54,132
481,214,52,132
481,214,54,130
482,215,53,133
482,215,51,131
479,214,52,134
482,215,53,132
480,215,51,130
482,215,49,131
481,215,49,130
481,215,47,131
480,216,48,130
481,218,50,126
479,216,51,129
480,217,48,131
478,217,50,128
478,216,50,129
476,216,53,130
477,216,52,128
478,215,51,125
475,213,54,131
475,214,52,130
474,213,55,126
475,212,52,129
475,212,51,127
470,210,56,131
473,213,53,126
472,210,53,133
472,210,52,131
472,215,51,124
472,214,51,127
470,215,53,128
470,215,53,128
470,215,51,130
467,216,53,128
466,211,53,130
462,209,55,133
466,210,52,131
465,212,52,125
465,209,53,128
463,210,52,130
465,211,46,129
464,208,49,131
464,209,48,130
464,209,46,131
462,212,48,125
464,211,47,125
464,209,49,129
464,210,47,129
465,213,46,123
462,211,49,128
462,211,49,128
462,209,49,133
462,211,49,128
463,207,49,130
462,211,49,128
458,208,52,131
462,211,49,128
458,206,52,131
462,211,49,128
459,206,52,133
456,209,55,130
458,205,53,132
462,211,49,128
459,210,53,125
460,211,49,128
453,211,54,130
462,211,49,128
452,209,55,128
453,210,50,136
451,207,53,137
450,208,52,130
448,208,54,128
447,203,54,136
446,204,54,135
447,203,52,135
446,204,52,135
445,202,53,133
445,206,51,125
446,204,51,128
443,205,53,131
445,205,49,128
445,206,48,126
445,207,47,124
445,207,48,126
445,207,48,125
447,206,44,128
444,205,49,128
441,204,51,129
443,207,49,128
443,204,47,126
443,203,49,128
441,202,50,130
444,205,49,128
441,201,50,132
442,201,50,133
438,202,53,131
441,201,52,134
439,205,56,130
440,206,49,128
439,206,51,122
441,204,53,120
438,203,56,129
439,203,53,127
437,205,55,126
437,206,54,125
436,204,55,125
435,204,55,126
434,202,56,127
433,201,56,129
432,200,55,134
429,201,54,134
430,201,51,137
428,201,53,136
428,197,54,142
428,200,51,139
425,200,55,141
424,201,56,138
425,200,53,132
426,198,54,131
426,198,54,134
430,198,50,132
426,199,54,133
428,198,52,135
430,202,49,129
426,201,54,129
427,200,51,132
424,199,53,131
423,199,54,129
421,199,50,129
422,197,49,132
422,199,48,128
420,197,53,130
421,195,51,133
421,195,48,134
421,196,50,134
421,197,48,133
420,199,50,131
422,199,48,130
421,199,52,124
421,198,47,131
420,197,48,133
419,197,48,134
418,197,48,134
416,197,48,134
415,197,52,129
414,196,53,127
411,195,58,131
412,195,55,130
410,194,56,127
414,192,54,133
414,194,52,128
415,195,54,127
416,194,51,127
416,194,51,128
419,194,48,129
417,192,51,127
424,194,48,128
424,194,48,127
426,195,47,126
427,195,47,126
428,197,46,124
429,196,47,125
429,195,48,128
431,195,49,128
430,193,51,133
432,194,52,128
431,192,56,130
431,197,58,126
432,196,58,127
432,195,59,127
432,194,60,130
432,194,60,130
433,195,59,128
436,193,57,132
437,191,52,132
440,194,52,130
438,195,56,125
440,194,53,130
441,192,53,130
437,192,56,131
437,194,57,131
438,193,56,132
440,192,55,133
437,192,59,128
438,190,60,130
438,190,60,129
439,189,60,130
439,189,60,129
440,188,60,129
440,188,60,130
442,188,60,130
443,188,60,130
444,187,60,130
445,187,61,132
446,188,60,131
447,188,60,131
454,190,51,130
455,190,51,130
455,189,51,131
457,189,52,132
458,189,51,130
459,189,52,131
460,188,52,132
461,188,52,132
462,187,52,134
465,188,52,133
465,186,52,133
466,186,52,133
468,187,52,132
470,186,52,132
471,187,52,132
473,187,51,132
474,188,51,130
474,186,52,133
475,185,53,135
477,185,53,135
479,188,51,131
482,191,49,124
479,192,53,123
480,190,55,128
481,189,55,126
480,186,57,131
485,186,53,129
486,188,53,127
486,187,52,129
485,188,52,128
487,187,53,127
488,184,49,130
494,185,48,129
498,185,47,127
498,187,50,128
500,186,50,125
502,186,47,127
502,186,46,127
504,186,45,128
503,188,49,128
506,187,46,130
508,184,46,129
508,183,46,139
508,183,48,133
512,184,48,131
514,186,50,129
513,183,54,137
516,183,53,142
519,184,53,141
521,182,57,141
528,183,54,137
534,181,50,132
539,183,48,132
542,183,48,129
540,186,52,126
542,186,50,122
547,185,48,126
546,186,51,127
548,187,51,125
550,186,51,125
552,184,52,126
555,187,52,128
554,183,58,129
556,181,58,133
559,181,56,130
562,184,54,127
564,182,54,125
570,181,54,132
571,182,54,130
575,181,56,131
582,182,50,129
588,180,51,131
589,179,54,131
594,182,51,127
598,181,51,131
602,182,51,130
606,182,50,129
611,181,51,130
617,181,54,131
627,181,48,133
636,181,45,128
640,182,49,126
647,181,51,127
652,179,48,128
656,181,51,130
661,180,50,127
664,180,51,130
667,180,52,132
669,181,55,129
673,179,52,127
688,175,51,132
690,180,53,127
695,180,51,127
701,181,52,126
710,183,54,122
722,183,52,126
726,182,49,128
728,184,51,125
731,183,54,125
736,183,56,124
741,183,53,124
747,181,51,127
750,181,55,130
755,179,51,131
753,181,55,125
757,178,51,131
759,177,56,133
761,176,54,131
763,178,52,131
766,179,52,130
768,177,51,129
770,178,50,132
771,178,52,130
776,178,43,122
776,179,48,125
776,178,50,125
777,178,50,124
778,178,49,123
779,179,49,122
780,179,48,121
781,178,49,123
782,177,50,124
783,177,49,123
784,177,49,122
784,177,49,121
785,176,49,122
785,175,50,124
785,174,50,124
786,174,49,123
784,175,56,126
782,173,57,126
783,173,56,125
782,174,56,124
783,174,55,122
783,174,55,122
783,174,55,122
783,174,56,123
783,174,55,121
782,173,55,122
782,172,55,122
781,171,56,125
779,169,56,125
779,168,57,125
778,167,56,124
777,166,57,125
778,166,56,124
778,164,56,124
777,163,56,123
778,164,55,121
778,164,54,119
778,162,55,121
783,161,49,125
781,161,50,123
781,161,52,123
781,159,50,128
778,162,55,122
780,156,53,128
779,155,51,129
780,154,53,127
778,154,53,129
777,152,57,129
779,154,54,128
779,152,54,129
778,152,54,129
778,152,54,129
778,150,54,128
778,149,54,129
779,150,54,128
778,150,54,127
778,150,53,126
778,150,52,124
777,150,52,124
777,150,53,125
776,148,53,125
775,148,53,126
773,147,54,128
772,147,54,127
771,146,54,128
770,145,54,128
769,145,54,127
768,144,54,127
768,143,54,128
767,143,54,128
767,143,53,126
767,144,53,125
766,143,53,125
766,143,53,125
765,144,52,124
766,144,52,124
765,144,52,124
765,144,52,124
765,144,52,124
765,144,52,124
765,144,53,125
764,143,53,125
765,143,53,126
764,143,53,127
764,143,53,126
764,142,53,126
763,141,54,127
763,141,54,127
762,141,54,127
763,141,54,127
763,141,54,128
763,142,53,126
762,142,53,126
762,143,53,126
761,144,53,125
761,145,53,126
760,145,53,126
759,145,53,126
