331,117,81,241
331,119,76,241
329,118,77,242
326,119,75,241
324,118,78,242
321,117,73,243
319,121,76,239
321,119,64,241
317,119,72,241
314,121,66,239
310,117,72,243
305,120,76,240
305,119,74,241
299,118,76,241
293,119,80,241
292,119,73,241
287,118,79,242
283,119,73,241
283,118,65,242
277,120,67,240
272,119,71,239
272,120,64,240
267,120,69,240
264,119,71,241
263,120,69,240
259,119,72,241
255,119,73,241
254,120,69,240
251,120,72,240
247,119,76,241
247,120,74,240
246,121,73,239
241,119,79,241
239,120,73,240
238,120,68,240
236,119,63,241
235,121,58,239
231,119,58,241
231,121,53,239
227,121,56,239
225,123,57,237
223,121,57,239
217,121,63,239
217,121,60,239
212,120,65,240
211,121,64,239
213,118,63,242
212,119,63,241
210,119,63,241
206,117,68,243
205,120,70,240
203,121,70,239
199,120,73,240
199,117,74,241
196,117,75,243
194,117,73,243
194,117,71,243
191,117,74,243
191,117,74,243
189,116,74,244
190,116,75,244
186,119,79,241
185,117,80,242
184,116,81,244
182,117,84,243
185,118,79,241
184,118,83,240
183,117,81,243
183,116,81,244
180,117,85,243
180,115,77,244
178,114,76,245
174,117,80,243
175,116,67,244
172,115,62,243
171,116,60,244
168,116,61,244
163,116,66,244
161,118,65,242
157,119,65,241
152,119,71,241
150,120,71,240
145,120,74,240
142,121,76,239
135,119,81,241
135,119,77,240
131,119,78,241
128,121,78,239
128,118,69,242
124,121,64,239
122,120,58,240
118,122,63,238
117,121,61,239
110,118,70,242
108,121,68,239
96,121,78,239
94,121,79,239
90,121,80,239
84,121,83,239
81,121,83,239
80,123,83,237
78,122,82,238
77,122,81,236
78,119,78,241
75,120,81,240
72,121,78,239
65,120,87,239
59,119,85,241
53,116,89,244
54,117,81,241
51,117,73,243
42,116,74,244
38,118,74,242
35,116,76,244
30,119,82,241
26,116,84,244
25,118,85,242
21,117,90,242
14,118,95,242
8,118,105,242
2,117,109,243
4,118,110,242
3,118,111,242
4,122,111,238
8,121,105,239
12,122,106,238
16,121,99,239
20,123,96,237
21,125,94,235
25,127,92,233
30,128,86,232
31,129,86,231
34,129,83,231
35,129,84,231
37,129,79,231
33,131,84,219
31,131,87,212
26,133,91,207
30,131,86,210
25,131,91,210
31,131,84,207
31,133,86,206
33,133,84,207
35,134,80,205
35,132,81,207
35,132,80,196
39,134,76,197
38,135,78,198
39,134,78,194
40,133,78,199
44,135,76,191
42,135,80,199
44,134,80,198
47,135,76,197
49,134,75,195
48,134,78,197
47,135,80,203
48,136,78,195
48,135,79,197
51,136,74,195
51,135,76,195
51,137,74,191
51,135,75,195
52,134,75,197
50,136,76,192
52,135,74,195
51,134,76,196
48,134,79,195
49,135,78,197
49,135,78,197
49,134,76,200
48,134,81,196
50,134,79,203
49,133,81,195
51,134,76,195
48,135,79,192
50,136,77,192
53,135,73,192
53,135,76,195
53,135,72,197
54,136,73,190
56,135,71,192
57,136,70,194
58,137,71,190
59,136,71,194
60,135,72,191
61,135,69,193
60,137,71,195
62,136,69,194
61,137,72,192
60,137,71,192
61,135,70,190
62,138,68,188
62,136,66,187
60,135,70,191
61,135,65,194
60,135,69,198
60,137,67,188
61,135,66,192
60,134,66,191
61,136,66,190
60,136,67,189
60,136,68,191
59,136,69,192
60,135,68,192
58,135,70,195
58,135,70,189
60,135,68,192
58,137,70,189
58,137,70,188
58,135,70,191
59,134,68,190
58,135,70,195
59,135,68,194
60,135,67,190
59,136,68,190
59,135,69,189
60,137,66,192
59,135,68,199
60,133,67,194
57,134,70,195
60,135,67,196
60,136,68,191
59,135,69,190
60,136,68,190
63,137,66,190
64,135,66,194
64,137,66,188
62,137,71,187
64,138,70,196
62,137,74,192
63,136,71,189
61,136,74,190
64,136,71,192
68,137,67,190
65,136,70,194
66,136,68,189
64,136,70,192
62,135,71,193
60,135,71,196
60,135,73,194
58,133,76,201
56,129,78,208
55,133,73,206
54,134,88,206
55,131,80,203
53,131,85,206
50,130,84,203
51,131,79,207
54,132,74,201
54,134,74,201
55,133,72,202
54,131,84,190
63,129,79,196
69,131,82,190
64,129,85,191
59,131,95,192
73,132,80,197
69,133,87,196
81,135,75,199
78,134,82,197
80,136,82,193
79,135,86,198
82,137,90,194
89,136,81,194
99,138,72,190
107,137,65,191
111,137,63,193
114,137,60,192
116,137,59,193
118,138,55,192
119,138,59,187
122,139,61,189
126,138,59,191
131,139,57,189
130,138,58,189
130,137,61,191
133,140,61,192
137,136,63,191
143,136,61,189
145,137,63,191
149,135,64,193
151,137,63,193
154,137,66,192
156,136,69,191
159,138,65,190
163,136,65,193
167,139,64,188
169,138,66,190
171,140,66,188
175,140,67,189
176,139,68,185
184,140,61,185
188,140,58,182
188,138,61,182
191,141,57,182
192,138,57,183
191,137,58,185
191,140,58,179
192,136,57,186
193,142,58,179
195,140,57,184
192,140,63,184
193,138,62,186
194,141,62,182
196,137,58,190
195,139,62,187
197,138,62,184
196,138,64,186
198,138,62,189
199,137,63,188
204,139,58,188
202,140,62,190
204,137,62,188
204,136,65,191
208,138,64,188
209,137,64,190
209,137,64,188
211,138,63,189
213,137,64,190
211,135,64,192
214,136,62,191
215,136,62,195
215,137,62,194
214,139,62,195
214,138,61,197
212,138,64,198
213,138,62,199
212,137,62,207
209,138,65,206
210,137,62,209
206,135,67,210
206,137,64,210
202,135,67,215
203,133,63,211
199,134,67,208
195,134,68,209
194,132,67,218
194,132,68,218
192,131,67,226
192,132,66,226
192,133,68,225
190,134,67,225
188,133,73,225
188,132,75,228
190,133,71,225
189,130,77,230
189,131,74,229
185,127,79,233
187,127,77,233
181,125,82,235
182,121,81,239
180,121,83,239
183,121,81,239
182,121,81,239
180,118,84,242
179,120,81,240
176,119,88,241
176,121,87,239
178,117,86,243
177,119,86,239
177,119,90,241
178,118,86,242
182,118,81,242
177,115,82,245
180,117,81,243
179,113,82,247
179,115,85,245
176,117,85,243
173,118,84,242
174,118,87,242
176,119,88,235
173,119,89,241
179,116,86,244
177,119,85,241
179,117,83,243
182,116,81,244
183,119,81,241
181,117,82,243
182,114,84,246
183,118,81,242
187,118,82,242
184,116,78,243
184,121,81,239
182,119,83,241
181,115,84,245
186,115,76,245
180,119,90,241
180,119,82,238
184,117,76,243
180,116,81,244
178,119,84,241
180,118,85,242
180,120,87,237
181,116,91,244
185,120,89,240
192,120,85,240
192,119,89,241
194,120,90,240
200,118,91,242
206,118,95,242
208,119,90,241
208,118,97,242
209,118,99,242
212,115,97,245
213,118,96,242
214,115,94,245
212,116,95,244
213,117,94,243
216,117,90,243
216,117,91,243
219,117,88,243
219,117,88,243
220,119,88,241
220,117,87,243
218,117,90,243
217,117,90,243
222,117,86,241
218,116,89,241
216,116,93,244
218,116,89,244
218,116,89,244
217,117,89,243
219,118,87,242
217,118,89,242
216,116,89,241
217,115,89,245
215,116,91,244
216,118,89,242
218,117,86,243
217,116,89,244
216,116,87,244
217,118,89,242
218,117,87,243
216,116,89,244
218,114,85,246
218,117,86,242
216,117,88,243
218,118,87,240
219,117,86,243
218,116,88,244
217,115,89,245
217,117,88,243
217,116,87,242
216,117,90,243
215,119,91,241
217,116,88,240
217,114,90,246
217,116,89,244
215,116,91,244
217,117,88,243
217,115,88,245
215,116,90,244
215,116,90,244
216,116,90,244
216,117,88,243
217,115,89,242
217,117,88,243
215,117,91,243
215,115,92,245
217,118,88,242
216,117,90,243
216,116,88,244
217,116,87,244
216,117,89,243
217,116,87,244
214,117,91,243
215,115,90,245
216,115,89,245
214,117,92,243
218,118,87,242
215,116,89,244
217,118,86,242
216,115,87,245
216,115,87,245
216,117,89,243
216,116,87,244
215,118,90,242
216,116,89,244
217,118,87,242
215,113,90,245
217,117,86,243
216,118,89,242
216,119,89,241
216,118,88,241
214,114,89,246
215,117,91,243
214,117,93,243
215,117,93,243
215,118,94,242
215,119,93,241
215,119,92,241
218,119,88,241
217,119,90,241
221,118,86,242
220,119,87,241
225,121,81,239
224,120,80,240
224,119,81,241
225,119,80,241
226,119,78,241
224,119,81,241
225,120,78,240
223,119,81,241
224,120,78,240
225,120,77,240
224,121,76,239
225,120,78,240
227,121,73,239
225,123,71,237
225,122,71,238
224,123,73,236
225,124,73,236
226,124,72,236
227,124,72,236
231,124,66,236
233,127,65,233
236,130,60,230
236,131,60,229
237,132,58,228
235,131,62,229
235,132,62,228
237,133,62,227
238,131,67,229
241,131,66,225
238,133,71,212
240,131,68,217
242,133,66,215
247,134,64,213
251,133,60,214
249,134,64,214
249,134,68,211
251,135,67,209
251,137,68,208
255,135,66,208
256,135,67,205
256,135,69,203
254,135,74,202
252,136,78,202
251,136,80,202
253,137,77,204
252,137,74,204
254,136,67,202
254,135,61,207
254,139,60,197
251,138,65,199
253,140,56,195
251,139,60,198
250,139,61,193
251,140,62,192
250,140,62,189
250,139,65,188
250,139,62,182
253,140,61,185
255,137,60,191
255,140,56,186
256,138,58,188
257,138,56,190
256,137,60,191
259,139,57,190
256,137,62,190
259,135,61,194
257,138,64,186
262,136,63,189
265,137,62,186
264,137,63,186
265,138,62,184
263,139,64,185
265,138,63,187
264,137,62,192
264,137,63,199
264,137,61,195
263,137,60,197
261,135,63,192
260,138,64,192
256,134,64,200
256,135,62,201
256,135,64,200
256,136,63,198
255,136,63,198
254,136,64,199
256,135,63,200
256,136,64,201
259,136,62,199
259,136,61,201
258,136,62,200
258,136,62,201
259,135,62,202
258,136,63,195
257,136,66,197
260,136,62,199
259,134,63,200
257,135,65,200
258,135,63,200
260,135,63,199
260,134,63,201
259,135,64,199
259,135,63,199
260,135,62,200
261,137,62,197
260,135,63,201
259,135,64,200
259,135,66,201
259,136,64,198
259,134,65,200
260,135,65,200
261,135,62,200
261,135,65,200
262,135,63,200
261,136,65,199
262,136,63,199
261,135,64,199
260,134,66,201
260,134,66,200
259,134,65,203
260,136,65,201
262,135,64,200
260,135,66,202
263,136,64,197
262,135,66,201
263,136,62,197
261,135,66,206
256,135,71,198
259,136,66,195
263,136,64,196
262,135,64,195
257,141,64,177
260,139,61,183
262,136,66,188
249,135,70,176
245,137,59,172
245,136,64,191
244,137,71,190
243,138,68,187
241,135,75,194
240,137,62,193
241,138,54,194
239,137,46,198
238,137,40,198
238,137,38,200
224,137,50,200
214,138,58,195
204,139,69,197
200,141,72,192
199,140,72,193
196,137,73,198
199,138,71,198
195,136,73,199
198,135,62,200
196,136,63,201
198,136,51,201
191,136,49,200
188,134,42,202
179,135,50,201
167,136,58,199
155,134,70,202
151,136,73,200
145,137,78,198
146,137,76,198
145,137,76,201
146,136,72,199
148,134,65,198
144,135,67,199
145,136,62,192
144,136,61,192
142,135,57,192
142,135,56,188
134,136,61,189
136,135,58,192
138,137,57,187
138,135,59,189
136,135,63,187
141,137,58,188
142,138,61,188
141,139,62,185
144,141,60,181
145,139,59,189
145,138,58,185
146,140,56,177
145,138,56,177
144,138,55,173
144,140,55,171
144,139,56,170
142,141,57,170
141,141,57,170
140,142,57,169
140,140,59,170
138,143,55,168
142,143,50,165
140,142,50,169
138,143,51,166
140,142,49,167
138,142,52,164
141,144,50,159
140,142,52,160
140,144,55,159
138,144,57,158
138,144,60,161
138,144,62,158
138,144,66,160
141,144,65,158
140,142,65,163
144,143,62,161
145,145,62,158
150,142,58,163
153,143,55,161
157,143,51,161
154,143,53,162
159,144,49,161
159,145,51,158
157,144,52,161
157,144,58,159
159,145,58,160
161,144,56,163
165,143,51,163
167,144,54,165
173,145,51,164
178,145,45,163
180,146,43,166
182,145,46,166
182,147,49,168
183,146,50,165
182,145,50,166
184,144,51,167
183,143,50,166
182,144,45,166
180,142,47,167
181,142,50,173
183,141,50,171
182,141,49,167
185,141,50,163
185,140,49,167
186,140,48,170
188,141,51,174
192,141,50,168
194,142,49,166
197,144,49,168
204,145,48,165
205,145,53,162
207,146,54,161
210,147,51,162
214,146,52,161
215,146,51,160
216,144,53,162
217,147,53,159
218,148,54,168
218,148,52,169
216,146,53,169
218,146,49,176
216,146,53,180
212,141,51,182
210,139,50,184
206,139,51,182
202,138,51,183
201,137,51,183
198,138,52,185
196,137,52,187
195,137,54,187
195,137,52,184
195,137,54,187
194,137,56,188
196,137,53,184
195,136,58,188
194,137,56,198
195,136,55,194
192,137,55,196
191,136,58,197
192,136,56,188
191,135,56,193
192,136,54,185
194,134,55,187
194,135,56,186
195,134,53,191
195,134,57,193
198,134,55,198
196,134,59,200
195,133,59,201
196,134,57,204
196,134,58,203
196,135,59,206
195,135,58,202
193,134,58,206
191,135,63,200
190,132,61,205
189,135,62,203
188,135,64,207
186,136,63,210
185,137,59,206
181,138,62,204
181,137,62,197
180,140,60,192
180,138,60,191
178,139,63,191
176,138,64,183
178,140,62,176
177,140,64,178
178,140,66,177
178,137,63,176
182,140,61,175
183,140,63,174
187,140,59,173
188,140,57,174
188,141,57,171
192,143,52,170
192,143,51,170
192,141,52,172
192,142,52,168
192,143,47,164
193,143,47,168
191,142,50,164
193,142,47,166
191,142,49,163
192,143,48,165
193,143,46,161
192,142,48,165
193,142,48,164
191,141,50,164
193,142,47,165
191,141,49,165
194,143,46,161
192,141,49,165
191,142,51,164
192,142,48,167
193,142,47,164
192,141,49,164
191,140,49,164
190,142,51,164
192,141,49,165
192,141,49,165
191,141,50,165
191,142,49,164
191,142,50,165
192,142,48,165
192,142,48,163
193,142,47,164
192,141,48,164
192,142,49,164
191,141,51,165
192,143,48,164
193,142,47,165
191,142,50,162
191,141,48,167
190,142,51,165
193,141,56,168
194,140,61,171
196,142,61,164
199,143,57,169
200,141,55,167
199,142,57,168
203,144,55,166
211,141,47,164
212,142,47,166
214,141,43,168
214,141,47,166
214,141,46,164
213,141,47,168
214,142,46,165
212,143,47,164
210,140,49,172
210,141,48,168
211,141,48,169
212,141,46,169
211,142,47,167
209,142,51,169
210,142,49,168
209,141,51,169
211,142,49,170
209,142,49,168
210,143,52,167
212,142,52,171
210,142,52,171
209,142,51,169
204,144,53,167
201,144,55,169
198,144,61,168
199,143,59,169
199,144,59,168
197,144,56,165
197,144,50,162
195,143,48,162
195,142,45,165
196,142,45,164
195,142,47,164
195,142,46,166
196,143,43,162
193,140,48,166
195,142,46,164
193,143,47,162
191,142,49,163
194,142,46,164
193,143,47,162
194,144,46,159
195,143,45,162
196,143,44,161
196,144,44,161
194,144,47,162
195,143,45,163
193,142,48,162
194,143,46,161
195,143,46,160
195,142,44,163
195,143,46,161
194,144,47,159
195,143,45,160
196,144,45,161
193,143,47,162
194,142,47,161
193,143,47,163
193,143,47,163
193,144,47,161
195,143,45,160
193,144,48,163
195,143,46,161
193,144,50,161
193,144,48,159
192,144,48,160
195,144,46,162
192,143,48,160
195,144,45,159
195,143,45,162
194,143,49,161
195,142,45,163
194,143,48,162
196,142,45,162
195,143,47,165
195,142,45,165
196,142,45,162
195,142,46,165
195,144,47,160
194,142,46,163
193,142,50,165
194,142,47,165
195,143,46,162
196,143,45,161
196,143,46,162
195,144,47,160
195,143,45,164
194,143,46,160
194,143,46,162
194,144,48,161
194,144,47,161
194,143,47,162
195,144,46,161
195,143,45,163
196,144,47,161
195,143,47,162
195,143,46,161
196,143,45,162
195,142,45,162
196,144,44,162
195,144,45,162
195,144,45,160
193,144,45,161
193,143,47,163
194,143,45,163
194,144,47,160
196,143,51,162
199,144,51,159
200,147,50,156
202,146,59,158
201,146,68,157
200,147,73,156
200,147,76,155
204,148,77,155
218,144,76,162
235,145,64,164
237,146,64,168
237,148,65,167
237,144,68,165
256,144,67,166
261,149,69,165
263,147,71,167
268,145,68,175
277,145,63,172
280,144,55,177
294,142,48,180
296,141,51,180
302,141,57,180
302,141,71,177
306,140,76,182
309,141,75,184
312,139,72,184
316,140,68,184
319,140,65,185
324,139,60,185
327,138,60,185
330,137,56,189
330,138,60,186
330,139,60,184
331,137,57,190
329,137,57,188
327,138,59,186
325,139,59,186
325,140,60,183
322,138,62,186
320,139,61,183
322,138,59,186
320,139,59,185
320,139,58,187
320,141,56,185
321,138,59,188
321,139,58,188
322,138,58,188
323,139,60,188
323,139,57,186
324,139,58,184
323,138,58,190
323,138,56,189
325,137,57,190
324,138,58,189
325,138,57,191
325,139,59,191
326,139,56,190
325,139,57,187
325,138,58,189
325,138,58,191
326,138,57,189
327,138,58,189
328,138,54,188
327,138,59,188
326,138,58,194
327,140,57,188
328,139,56,187
326,138,58,188
327,139,56,186
328,138,56,189
328,138,57,190
328,139,56,188
327,138,58,184
327,139,58,190
327,137,58,191
327,138,57,192
326,140,57,188
326,139,59,188
327,139,58,188
328,138,55,187
328,138,56,193
326,138,58,188
328,137,56,191
325,138,60,191
327,139,56,189
326,140,60,187
327,140,57,188
327,138,55,191
327,137,57,188
330,138,55,190
327,137,57,189
329,137,56,189
326,140,58,187
330,140,59,193
325,140,64,188
329,138,59,193
326,140,68,189
327,138,62,188
329,141,62,188
340,140,63,189
331,140,72,188
331,133,60,186
331,142,61,187
331,142,59,186
329,139,60,187
330,139,61,186
330,140,62,187
332,140,59,187
329,141,61,186
332,139,60,188
332,140,62,187
333,139,60,188
334,139,58,188
333,139,59,188
328,138,63,187
330,138,61,180
331,140,60,187
330,140,60,185
327,139,61,178
328,141,58,202
327,139,58,169
330,137,54,183
325,137,61,185
324,138,55,188
320,137,61,186
322,138,60,187
319,140,72,179
320,140,54,179
318,141,55,183
315,140,57,197
315,139,56,199
314,139,59,204
313,138,59,205
311,139,60,207
311,138,60,210
311,136,59,211
311,135,59,212
308,134,61,213
304,135,65,214
302,134,64,214
298,134,68,213
296,135,64,212
286,133,76,213
273,135,85,213
269,134,86,217
267,135,83,218
267,132,77,222
270,133,77,223
264,133,80,221
264,132,73,222
264,132,69,224
260,131,63,228
261,129,54,229
256,132,56,228
252,131,56,229
246,131,55,227
227,131,73,229
223,131,72,227
220,131,75,229
218,129,74,231
217,127,73,228
213,125,72,233
206,125,71,233
195,124,71,236
186,122,68,238
175,121,68,234
169,120,68,236
167,120,65,236
155,122,75,238
146,123,84,237
135,123,92,237
133,119,91,241
131,121,89,237
131,120,88,240
131,120,85,240
128,119,82,241
126,119,80,240
122,118,79,242
118,119,74,241
111,118,60,238
104,121,59,236
96,119,64,241
87,119,68,241
78,119,74,241
67,121,83,239
61,118,89,242
56,120,92,240
56,118,88,242
49,118,95,242
46,116,95,244
46,115,93,245
43,113,92,247
37,112,87,248
25,112,86,248
